# Number of sections
# Number of elements
# Number of vertices
3 552 1645
# id: Unique ID of the section.
# fault_id: ID of the parent fault.
# name: Name of the fault.
# id fault_id name 
0 1 Fault_1
1 2 Fault_2
2 3 Fault_3
# id: Unique ID of the element.
# section_id: ID of the section associated with the element.
# vertex_0: ID of vertex 0.
# vertex_1: ID of vertex 1.
# vertex_2: ID of vertex 2.
# is_quad: Whether the vertices constitute 3 points of a triangle (zero) or 3 points of a parallelogram (non-zero).
# slip_rate: Long term slip rate of element in meters per second.
# aseismic: Fraction of slip on element that is aseismic.
# rake: Rake angle of element in radians.
# lame_mu: Lame's parameter describing the shear modulus of the material for this element (Pascals).
# lame_lambda: Lame's lambda parameter of the material for this element, in Pascals.
# max_slip: Maximum slip distance for this element, in meters.
# id section_id vertex_0 vertex_1 vertex_2 is_quad slip_rate aseismic rake lame_mu lame_lambda max_slip 
0 0 0 1 2 1 4.8261e-10 0 3.14159 3e+10 3.2e+10 0.49239
1 0 1 4 5 1 4.8261e-10 0 3.14159 3e+10 3.2e+10 0.49239
2 0 4 7 8 1 4.8261e-10 0 3.14159 3e+10 3.2e+10 0.49239
3 0 7 10 11 1 4.8261e-10 0 3.14159 3e+10 3.2e+10 0.49239
4 0 10 13 14 1 4.8261e-10 0 3.14159 3e+10 3.2e+10 0.49239
5 0 13 16 17 1 4.8261e-10 0 3.14159 3e+10 3.2e+10 0.49239
6 0 16 19 20 1 4.8261e-10 0 3.14159 3e+10 3.2e+10 0.49239
7 0 19 22 23 1 4.8261e-10 0 3.14159 3e+10 3.2e+10 0.49239
8 0 22 25 26 1 4.8261e-10 0 3.14159 3e+10 3.2e+10 0.49239
9 0 25 28 29 1 4.8261e-10 0 3.14159 3e+10 3.2e+10 0.49239
10 0 28 31 32 1 4.8261e-10 0 3.14159 3e+10 3.2e+10 0.49239
11 0 31 34 35 1 4.8261e-10 0 3.14159 3e+10 3.2e+10 0.49239
12 0 36 37 38 1 4.8261e-10 0 3.14159 3e+10 3.2e+10 0.49239
13 0 39 40 41 1 4.8261e-10 0 3.14159 3e+10 3.2e+10 0.49239
14 0 42 43 44 1 4.8261e-10 0 3.14159 3e+10 3.2e+10 0.49239
15 0 45 46 47 1 4.8261e-10 0 3.14159 3e+10 3.2e+10 0.49239
16 0 48 49 50 1 4.8261e-10 0 3.14159 3e+10 3.2e+10 0.49239
17 0 51 52 53 1 4.8261e-10 0 3.14159 3e+10 3.2e+10 0.49239
18 0 54 55 56 1 4.8261e-10 0 3.14159 3e+10 3.2e+10 0.49239
19 0 57 58 59 1 4.8261e-10 0 3.14159 3e+10 3.2e+10 0.49239
20 0 60 61 62 1 4.8261e-10 0 3.14159 3e+10 3.2e+10 0.49239
21 0 63 64 65 1 4.8261e-10 0 3.14159 3e+10 3.2e+10 0.49239
22 0 66 67 68 1 4.8261e-10 0 3.14159 3e+10 3.2e+10 0.49239
23 0 69 70 71 1 4.8261e-10 0 3.14159 3e+10 3.2e+10 0.49239
24 0 72 73 74 1 4.8261e-10 0 3.14159 3e+10 3.2e+10 0.49239
25 0 75 76 77 1 4.8261e-10 0 3.14159 3e+10 3.2e+10 0.49239
26 0 78 79 80 1 4.8261e-10 0 3.14159 3e+10 3.2e+10 0.49239
27 0 81 82 83 1 4.8261e-10 0 3.14159 3e+10 3.2e+10 0.49239
28 0 84 85 86 1 4.8261e-10 0 3.14159 3e+10 3.2e+10 0.49239
29 0 87 88 89 1 4.8261e-10 0 3.14159 3e+10 3.2e+10 0.49239
30 0 90 91 92 1 4.8261e-10 0 3.14159 3e+10 3.2e+10 0.49239
31 0 93 94 95 1 4.8261e-10 0 3.14159 3e+10 3.2e+10 0.49239
32 0 96 97 98 1 4.8261e-10 0 3.14159 3e+10 3.2e+10 0.49239
33 0 99 100 101 1 4.8261e-10 0 3.14159 3e+10 3.2e+10 0.49239
34 0 102 103 104 1 4.8261e-10 0 3.14159 3e+10 3.2e+10 0.49239
35 0 105 106 107 1 4.8261e-10 0 3.14159 3e+10 3.2e+10 0.49239
36 0 108 109 110 1 4.8261e-10 0 3.14159 3e+10 3.2e+10 0.49239
37 0 111 112 113 1 4.8261e-10 0 3.14159 3e+10 3.2e+10 0.49239
38 0 114 115 116 1 4.8261e-10 0 3.14159 3e+10 3.2e+10 0.49239
39 0 117 118 119 1 4.8261e-10 0 3.14159 3e+10 3.2e+10 0.49239
40 0 120 121 122 1 4.8261e-10 0 3.14159 3e+10 3.2e+10 0.49239
41 0 123 124 125 1 4.8261e-10 0 3.14159 3e+10 3.2e+10 0.49239
42 0 126 127 128 1 4.8261e-10 0 3.14159 3e+10 3.2e+10 0.49239
43 0 129 130 131 1 4.8261e-10 0 3.14159 3e+10 3.2e+10 0.49239
44 0 132 133 134 1 4.8261e-10 0 3.14159 3e+10 3.2e+10 0.49239
45 0 135 136 137 1 4.8261e-10 0 3.14159 3e+10 3.2e+10 0.49239
46 0 138 139 140 1 4.8261e-10 0 3.14159 3e+10 3.2e+10 0.49239
47 0 141 142 143 1 4.8261e-10 0 3.14159 3e+10 3.2e+10 0.49239
48 0 144 145 146 1 4.8261e-10 0 3.14159 3e+10 3.2e+10 0.49239
49 0 147 148 149 1 4.8261e-10 0 3.14159 3e+10 3.2e+10 0.49239
50 0 150 151 152 1 4.8261e-10 0 3.14159 3e+10 3.2e+10 0.49239
51 0 153 154 155 1 4.8261e-10 0 3.14159 3e+10 3.2e+10 0.49239
52 0 156 157 158 1 4.8261e-10 0 3.14159 3e+10 3.2e+10 0.49239
53 0 159 160 161 1 4.8261e-10 0 3.14159 3e+10 3.2e+10 0.49239
54 0 162 163 164 1 4.8261e-10 0 3.14159 3e+10 3.2e+10 0.49239
55 0 165 166 167 1 4.8261e-10 0 3.14159 3e+10 3.2e+10 0.49239
56 0 168 169 170 1 4.8261e-10 0 3.14159 3e+10 3.2e+10 0.49239
57 0 171 172 173 1 4.8261e-10 0 3.14159 3e+10 3.2e+10 0.49239
58 0 174 175 176 1 4.8261e-10 0 3.14159 3e+10 3.2e+10 0.49239
59 0 177 178 179 1 4.8261e-10 0 3.14159 3e+10 3.2e+10 0.49239
60 0 180 181 182 1 4.8261e-10 0 3.14159 3e+10 3.2e+10 0.49239
61 0 183 184 185 1 4.8261e-10 0 3.14159 3e+10 3.2e+10 0.49239
62 0 186 187 188 1 4.8261e-10 0 3.14159 3e+10 3.2e+10 0.49239
63 0 189 190 191 1 4.8261e-10 0 3.14159 3e+10 3.2e+10 0.49239
64 0 192 193 194 1 4.8261e-10 0 3.14159 3e+10 3.2e+10 0.49239
65 0 195 196 197 1 4.8261e-10 0 3.14159 3e+10 3.2e+10 0.49239
66 0 198 199 200 1 4.8261e-10 0 3.14159 3e+10 3.2e+10 0.49239
67 0 201 202 203 1 4.8261e-10 0 3.14159 3e+10 3.2e+10 0.49239
68 0 204 205 206 1 4.8261e-10 0 3.14159 3e+10 3.2e+10 0.49239
69 0 207 208 209 1 4.8261e-10 0 3.14159 3e+10 3.2e+10 0.49239
70 0 210 211 212 1 4.8261e-10 0 3.14159 3e+10 3.2e+10 0.49239
71 0 213 214 215 1 4.8261e-10 0 3.14159 3e+10 3.2e+10 0.49239
72 0 216 217 218 1 4.8261e-10 0 3.14159 3e+10 3.2e+10 0.49239
73 0 219 220 221 1 4.8261e-10 0 3.14159 3e+10 3.2e+10 0.49239
74 0 222 223 224 1 4.8261e-10 0 3.14159 3e+10 3.2e+10 0.49239
75 0 225 226 227 1 4.8261e-10 0 3.14159 3e+10 3.2e+10 0.49239
76 0 228 229 230 1 4.8261e-10 0 3.14159 3e+10 3.2e+10 0.49239
77 0 231 232 233 1 4.8261e-10 0 3.14159 3e+10 3.2e+10 0.49239
78 0 234 235 236 1 4.8261e-10 0 3.14159 3e+10 3.2e+10 0.49239
79 0 237 238 239 1 4.8261e-10 0 3.14159 3e+10 3.2e+10 0.49239
80 0 240 241 242 1 4.8261e-10 0 3.14159 3e+10 3.2e+10 0.49239
81 0 243 244 245 1 4.8261e-10 0 3.14159 3e+10 3.2e+10 0.49239
82 0 246 247 248 1 4.8261e-10 0 3.14159 3e+10 3.2e+10 0.49239
83 0 249 250 251 1 4.8261e-10 0 3.14159 3e+10 3.2e+10 0.49239
84 0 252 253 254 1 4.8261e-10 0 3.14159 3e+10 3.2e+10 0.49239
85 0 255 256 257 1 4.8261e-10 0 3.14159 3e+10 3.2e+10 0.49239
86 0 258 259 260 1 4.8261e-10 0 3.14159 3e+10 3.2e+10 0.49239
87 0 261 262 263 1 4.8261e-10 0 3.14159 3e+10 3.2e+10 0.49239
88 0 264 265 266 1 4.8261e-10 0 3.14159 3e+10 3.2e+10 0.49239
89 0 267 268 269 1 4.8261e-10 0 3.14159 3e+10 3.2e+10 0.49239
90 0 270 271 272 1 4.8261e-10 0 3.14159 3e+10 3.2e+10 0.49239
91 0 273 274 275 1 4.8261e-10 0 3.14159 3e+10 3.2e+10 0.49239
92 0 276 277 278 1 4.8261e-10 0 3.14159 3e+10 3.2e+10 0.49239
93 0 279 280 281 1 4.8261e-10 0 3.14159 3e+10 3.2e+10 0.49239
94 0 282 283 284 1 4.8261e-10 0 3.14159 3e+10 3.2e+10 0.49239
95 0 285 286 287 1 4.8261e-10 0 3.14159 3e+10 3.2e+10 0.49239
96 0 288 289 290 1 4.8261e-10 0 3.14159 3e+10 3.2e+10 0.49239
97 0 291 292 293 1 4.8261e-10 0 3.14159 3e+10 3.2e+10 0.49239
98 0 294 295 296 1 4.8261e-10 0 3.14159 3e+10 3.2e+10 0.49239
99 0 297 298 299 1 4.8261e-10 0 3.14159 3e+10 3.2e+10 0.49239
100 0 300 301 302 1 4.8261e-10 0 3.14159 3e+10 3.2e+10 0.49239
101 0 303 304 305 1 4.8261e-10 0 3.14159 3e+10 3.2e+10 0.49239
102 0 306 307 308 1 4.8261e-10 0 3.14159 3e+10 3.2e+10 0.49239
103 0 309 310 311 1 4.8261e-10 0 3.14159 3e+10 3.2e+10 0.49239
104 0 312 313 314 1 4.8261e-10 0 3.14159 3e+10 3.2e+10 0.49239
105 0 315 316 317 1 4.8261e-10 0 3.14159 3e+10 3.2e+10 0.49239
106 0 318 319 320 1 4.8261e-10 0 3.14159 3e+10 3.2e+10 0.49239
107 0 321 322 323 1 4.8261e-10 0 3.14159 3e+10 3.2e+10 0.49239
108 0 324 325 326 1 4.8261e-10 0 3.14159 3e+10 3.2e+10 0.49239
109 0 327 328 329 1 4.8261e-10 0 3.14159 3e+10 3.2e+10 0.49239
110 0 330 331 332 1 4.8261e-10 0 3.14159 3e+10 3.2e+10 0.49239
111 0 333 334 335 1 4.8261e-10 0 3.14159 3e+10 3.2e+10 0.49239
112 0 336 337 338 1 4.8261e-10 0 3.14159 3e+10 3.2e+10 0.49239
113 0 339 340 341 1 4.8261e-10 0 3.14159 3e+10 3.2e+10 0.49239
114 0 342 343 344 1 4.8261e-10 0 3.14159 3e+10 3.2e+10 0.49239
115 0 345 346 347 1 4.8261e-10 0 3.14159 3e+10 3.2e+10 0.49239
116 0 348 349 350 1 4.8261e-10 0 3.14159 3e+10 3.2e+10 0.49239
117 0 351 352 353 1 4.8261e-10 0 3.14159 3e+10 3.2e+10 0.49239
118 0 354 355 356 1 4.8261e-10 0 3.14159 3e+10 3.2e+10 0.49239
119 0 357 358 359 1 4.8261e-10 0 3.14159 3e+10 3.2e+10 0.49239
120 0 360 361 362 1 4.8261e-10 0 3.14159 3e+10 3.2e+10 0.49239
121 0 363 364 365 1 4.8261e-10 0 3.14159 3e+10 3.2e+10 0.49239
122 0 366 367 368 1 4.8261e-10 0 3.14159 3e+10 3.2e+10 0.49239
123 0 369 370 371 1 4.8261e-10 0 3.14159 3e+10 3.2e+10 0.49239
124 0 372 373 374 1 4.8261e-10 0 3.14159 3e+10 3.2e+10 0.49239
125 0 375 376 377 1 4.8261e-10 0 3.14159 3e+10 3.2e+10 0.49239
126 0 378 379 380 1 4.8261e-10 0 3.14159 3e+10 3.2e+10 0.49239
127 0 381 382 383 1 4.8261e-10 0 3.14159 3e+10 3.2e+10 0.49239
128 0 384 385 386 1 4.8261e-10 0 3.14159 3e+10 3.2e+10 0.49239
129 0 387 388 389 1 4.8261e-10 0 3.14159 3e+10 3.2e+10 0.49239
130 0 390 391 392 1 4.8261e-10 0 3.14159 3e+10 3.2e+10 0.49239
131 0 393 394 395 1 4.8261e-10 0 3.14159 3e+10 3.2e+10 0.49239
132 0 396 397 398 1 4.8261e-10 0 3.14159 3e+10 3.2e+10 0.49239
133 0 399 400 401 1 4.8261e-10 0 3.14159 3e+10 3.2e+10 0.49239
134 0 402 403 404 1 4.8261e-10 0 3.14159 3e+10 3.2e+10 0.49239
135 0 405 406 407 1 4.8261e-10 0 3.14159 3e+10 3.2e+10 0.49239
136 0 408 409 410 1 4.8261e-10 0 3.14159 3e+10 3.2e+10 0.49239
137 0 411 412 413 1 4.8261e-10 0 3.14159 3e+10 3.2e+10 0.49239
138 0 414 415 416 1 4.8261e-10 0 3.14159 3e+10 3.2e+10 0.49239
139 0 417 418 419 1 4.8261e-10 0 3.14159 3e+10 3.2e+10 0.49239
140 0 420 421 422 1 4.8261e-10 0 3.14159 3e+10 3.2e+10 0.49239
141 0 423 424 425 1 4.8261e-10 0 3.14159 3e+10 3.2e+10 0.49239
142 0 426 427 428 1 4.8261e-10 0 3.14159 3e+10 3.2e+10 0.49239
143 0 429 430 431 1 4.8261e-10 0 3.14159 3e+10 3.2e+10 0.49239
144 1 432 433 434 1 3.13001e-10 0 -1.5708 3e+10 3.2e+10 0.49239
145 1 435 436 437 1 3.13001e-10 0 -1.5708 3e+10 3.2e+10 0.49239
146 1 438 439 440 1 3.13001e-10 0 -1.5708 3e+10 3.2e+10 0.49239
147 1 441 442 443 1 3.13001e-10 0 -1.5708 3e+10 3.2e+10 0.49239
148 1 444 445 446 1 3.13001e-10 0 -1.5708 3e+10 3.2e+10 0.49239
149 1 447 448 449 1 3.13001e-10 0 -1.5708 3e+10 3.2e+10 0.49239
150 1 450 451 452 1 3.13001e-10 0 -1.5708 3e+10 3.2e+10 0.49239
151 1 453 454 455 1 3.13001e-10 0 -1.5708 3e+10 3.2e+10 0.49239
152 1 456 457 458 1 3.13001e-10 0 -1.5708 3e+10 3.2e+10 0.49239
153 1 459 460 461 1 3.13001e-10 0 -1.5708 3e+10 3.2e+10 0.49239
154 1 462 463 464 1 3.13001e-10 0 -1.5708 3e+10 3.2e+10 0.49239
155 1 465 466 467 1 3.13001e-10 0 -1.5708 3e+10 3.2e+10 0.49239
156 1 468 469 470 1 3.13001e-10 0 -1.5708 3e+10 3.2e+10 0.49239
157 1 471 472 473 1 3.13001e-10 0 -1.5708 3e+10 3.2e+10 0.49239
158 1 474 475 476 1 3.13001e-10 0 -1.5708 3e+10 3.2e+10 0.49239
159 1 477 478 479 1 3.13001e-10 0 -1.5708 3e+10 3.2e+10 0.49239
160 1 480 481 482 1 3.13001e-10 0 -1.5708 3e+10 3.2e+10 0.49239
161 1 483 484 485 1 3.13001e-10 0 -1.5708 3e+10 3.2e+10 0.49239
162 1 486 487 488 1 3.13001e-10 0 -1.5708 3e+10 3.2e+10 0.49239
163 1 489 490 491 1 3.13001e-10 0 -1.5708 3e+10 3.2e+10 0.49239
164 1 492 493 494 1 3.13001e-10 0 -1.5708 3e+10 3.2e+10 0.49239
165 1 495 496 497 1 3.13001e-10 0 -1.5708 3e+10 3.2e+10 0.49239
166 1 498 499 500 1 3.13001e-10 0 -1.5708 3e+10 3.2e+10 0.49239
167 1 501 502 503 1 3.13001e-10 0 -1.5708 3e+10 3.2e+10 0.49239
168 1 504 505 506 1 3.13001e-10 0 -1.5708 3e+10 3.2e+10 0.49239
169 1 507 508 509 1 3.13001e-10 0 -1.5708 3e+10 3.2e+10 0.49239
170 1 510 511 512 1 3.13001e-10 0 -1.5708 3e+10 3.2e+10 0.49239
171 1 513 514 515 1 3.13001e-10 0 -1.5708 3e+10 3.2e+10 0.49239
172 1 516 517 518 1 3.13001e-10 0 -1.5708 3e+10 3.2e+10 0.49239
173 1 519 520 521 1 3.13001e-10 0 -1.5708 3e+10 3.2e+10 0.49239
174 1 522 523 524 1 3.13001e-10 0 -1.5708 3e+10 3.2e+10 0.49239
175 1 525 526 527 1 3.13001e-10 0 -1.5708 3e+10 3.2e+10 0.49239
176 1 528 529 530 1 3.13001e-10 0 -1.5708 3e+10 3.2e+10 0.49239
177 1 531 532 533 1 3.13001e-10 0 -1.5708 3e+10 3.2e+10 0.49239
178 1 534 535 536 1 3.13001e-10 0 -1.5708 3e+10 3.2e+10 0.49239
179 1 537 538 539 1 3.13001e-10 0 -1.5708 3e+10 3.2e+10 0.49239
180 1 540 541 542 1 3.13001e-10 0 -1.5708 3e+10 3.2e+10 0.49239
181 1 543 544 545 1 3.13001e-10 0 -1.5708 3e+10 3.2e+10 0.49239
182 1 546 547 548 1 3.13001e-10 0 -1.5708 3e+10 3.2e+10 0.49239
183 1 549 550 551 1 3.13001e-10 0 -1.5708 3e+10 3.2e+10 0.49239
184 1 552 553 554 1 3.13001e-10 0 -1.5708 3e+10 3.2e+10 0.49239
185 1 555 556 557 1 3.13001e-10 0 -1.5708 3e+10 3.2e+10 0.49239
186 1 558 559 560 1 3.13001e-10 0 -1.5708 3e+10 3.2e+10 0.49239
187 1 561 562 563 1 3.13001e-10 0 -1.5708 3e+10 3.2e+10 0.49239
188 1 564 565 566 1 3.13001e-10 0 -1.5708 3e+10 3.2e+10 0.49239
189 1 567 568 569 1 3.13001e-10 0 -1.5708 3e+10 3.2e+10 0.49239
190 1 570 571 572 1 3.13001e-10 0 -1.5708 3e+10 3.2e+10 0.49239
191 1 573 574 575 1 3.13001e-10 0 -1.5708 3e+10 3.2e+10 0.49239
192 1 576 577 578 1 3.13001e-10 0 -1.5708 3e+10 3.2e+10 0.49239
193 1 579 580 581 1 3.13001e-10 0 -1.5708 3e+10 3.2e+10 0.49239
194 1 582 583 584 1 3.13001e-10 0 -1.5708 3e+10 3.2e+10 0.49239
195 1 585 586 587 1 3.13001e-10 0 -1.5708 3e+10 3.2e+10 0.49239
196 1 588 589 590 1 3.13001e-10 0 -1.5708 3e+10 3.2e+10 0.49239
197 1 591 592 593 1 3.13001e-10 0 -1.5708 3e+10 3.2e+10 0.49239
198 1 594 595 596 1 3.13001e-10 0 -1.5708 3e+10 3.2e+10 0.49239
199 1 597 598 599 1 3.13001e-10 0 -1.5708 3e+10 3.2e+10 0.49239
200 1 600 601 602 1 3.13001e-10 0 -1.5708 3e+10 3.2e+10 0.49239
201 1 603 604 605 1 3.13001e-10 0 -1.5708 3e+10 3.2e+10 0.49239
202 1 606 607 608 1 3.13001e-10 0 -1.5708 3e+10 3.2e+10 0.49239
203 1 609 610 611 1 3.13001e-10 0 -1.5708 3e+10 3.2e+10 0.49239
204 1 612 613 614 1 3.13001e-10 0 -1.5708 3e+10 3.2e+10 0.49239
205 1 615 616 617 1 3.13001e-10 0 -1.5708 3e+10 3.2e+10 0.49239
206 1 618 619 620 1 3.13001e-10 0 -1.5708 3e+10 3.2e+10 0.49239
207 1 621 622 623 1 3.13001e-10 0 -1.5708 3e+10 3.2e+10 0.49239
208 1 624 625 626 1 3.13001e-10 0 -1.5708 3e+10 3.2e+10 0.49239
209 1 627 628 629 1 3.13001e-10 0 -1.5708 3e+10 3.2e+10 0.49239
210 1 630 631 632 1 3.13001e-10 0 -1.5708 3e+10 3.2e+10 0.49239
211 1 633 634 635 1 3.13001e-10 0 -1.5708 3e+10 3.2e+10 0.49239
212 1 636 637 638 1 3.13001e-10 0 -1.5708 3e+10 3.2e+10 0.49239
213 1 639 640 641 1 3.13001e-10 0 -1.5708 3e+10 3.2e+10 0.49239
214 1 642 643 644 1 3.13001e-10 0 -1.5708 3e+10 3.2e+10 0.49239
215 1 645 646 647 1 3.13001e-10 0 -1.5708 3e+10 3.2e+10 0.49239
216 1 648 649 650 1 3.13001e-10 0 -1.5708 3e+10 3.2e+10 0.49239
217 1 651 652 653 1 3.13001e-10 0 -1.5708 3e+10 3.2e+10 0.49239
218 1 654 655 656 1 3.13001e-10 0 -1.5708 3e+10 3.2e+10 0.49239
219 1 657 658 659 1 3.13001e-10 0 -1.5708 3e+10 3.2e+10 0.49239
220 1 660 661 662 1 3.13001e-10 0 -1.5708 3e+10 3.2e+10 0.49239
221 1 663 664 665 1 3.13001e-10 0 -1.5708 3e+10 3.2e+10 0.49239
222 1 666 667 668 1 3.13001e-10 0 -1.5708 3e+10 3.2e+10 0.49239
223 1 669 670 671 1 3.13001e-10 0 -1.5708 3e+10 3.2e+10 0.49239
224 1 672 673 674 1 3.13001e-10 0 -1.5708 3e+10 3.2e+10 0.49239
225 1 675 676 677 1 3.13001e-10 0 -1.5708 3e+10 3.2e+10 0.49239
226 1 678 679 680 1 3.13001e-10 0 -1.5708 3e+10 3.2e+10 0.49239
227 1 681 682 683 1 3.13001e-10 0 -1.5708 3e+10 3.2e+10 0.49239
228 1 684 685 686 1 3.13001e-10 0 -1.5708 3e+10 3.2e+10 0.49239
229 1 687 688 689 1 3.13001e-10 0 -1.5708 3e+10 3.2e+10 0.49239
230 1 690 691 692 1 3.13001e-10 0 -1.5708 3e+10 3.2e+10 0.49239
231 1 693 694 695 1 3.13001e-10 0 -1.5708 3e+10 3.2e+10 0.49239
232 1 696 697 698 1 3.13001e-10 0 -1.5708 3e+10 3.2e+10 0.49239
233 1 699 700 701 1 3.13001e-10 0 -1.5708 3e+10 3.2e+10 0.49239
234 1 702 703 704 1 3.13001e-10 0 -1.5708 3e+10 3.2e+10 0.49239
235 1 705 706 707 1 3.13001e-10 0 -1.5708 3e+10 3.2e+10 0.49239
236 1 708 709 710 1 3.13001e-10 0 -1.5708 3e+10 3.2e+10 0.49239
237 1 711 712 713 1 3.13001e-10 0 -1.5708 3e+10 3.2e+10 0.49239
238 1 714 715 716 1 3.13001e-10 0 -1.5708 3e+10 3.2e+10 0.49239
239 1 717 718 719 1 3.13001e-10 0 -1.5708 3e+10 3.2e+10 0.49239
240 1 720 721 722 1 3.13001e-10 0 -1.5708 3e+10 3.2e+10 0.49239
241 1 723 724 725 1 3.13001e-10 0 -1.5708 3e+10 3.2e+10 0.49239
242 1 726 727 728 1 3.13001e-10 0 -1.5708 3e+10 3.2e+10 0.49239
243 1 729 730 731 1 3.13001e-10 0 -1.5708 3e+10 3.2e+10 0.49239
244 1 732 733 734 1 3.13001e-10 0 -1.5708 3e+10 3.2e+10 0.49239
245 1 735 736 737 1 3.13001e-10 0 -1.5708 3e+10 3.2e+10 0.49239
246 1 738 739 740 1 3.13001e-10 0 -1.5708 3e+10 3.2e+10 0.49239
247 1 741 742 743 1 3.13001e-10 0 -1.5708 3e+10 3.2e+10 0.49239
248 1 744 745 746 1 3.13001e-10 0 -1.5708 3e+10 3.2e+10 0.49239
249 1 747 748 749 1 3.13001e-10 0 -1.5708 3e+10 3.2e+10 0.49239
250 1 750 751 752 1 3.13001e-10 0 -1.5708 3e+10 3.2e+10 0.49239
251 1 753 754 755 1 3.13001e-10 0 -1.5708 3e+10 3.2e+10 0.49239
252 1 756 757 758 1 3.13001e-10 0 -1.5708 3e+10 3.2e+10 0.49239
253 1 759 760 761 1 3.13001e-10 0 -1.5708 3e+10 3.2e+10 0.49239
254 1 762 763 764 1 3.13001e-10 0 -1.5708 3e+10 3.2e+10 0.49239
255 1 765 766 767 1 3.13001e-10 0 -1.5708 3e+10 3.2e+10 0.49239
256 1 768 769 770 1 3.13001e-10 0 -1.5708 3e+10 3.2e+10 0.49239
257 1 771 772 773 1 3.13001e-10 0 -1.5708 3e+10 3.2e+10 0.49239
258 1 774 775 776 1 3.13001e-10 0 -1.5708 3e+10 3.2e+10 0.49239
259 1 777 778 779 1 3.13001e-10 0 -1.5708 3e+10 3.2e+10 0.49239
260 1 780 781 782 1 3.13001e-10 0 -1.5708 3e+10 3.2e+10 0.49239
261 1 783 784 785 1 3.13001e-10 0 -1.5708 3e+10 3.2e+10 0.49239
262 1 786 787 788 1 3.13001e-10 0 -1.5708 3e+10 3.2e+10 0.49239
263 1 789 790 791 1 3.13001e-10 0 -1.5708 3e+10 3.2e+10 0.49239
264 1 792 793 794 1 3.13001e-10 0 -1.5708 3e+10 3.2e+10 0.49239
265 1 795 796 797 1 3.13001e-10 0 -1.5708 3e+10 3.2e+10 0.49239
266 1 798 799 800 1 3.13001e-10 0 -1.5708 3e+10 3.2e+10 0.49239
267 1 801 802 803 1 3.13001e-10 0 -1.5708 3e+10 3.2e+10 0.49239
268 1 804 805 806 1 3.13001e-10 0 -1.5708 3e+10 3.2e+10 0.49239
269 1 807 808 809 1 3.13001e-10 0 -1.5708 3e+10 3.2e+10 0.49239
270 1 810 811 812 1 3.13001e-10 0 -1.5708 3e+10 3.2e+10 0.49239
271 1 813 814 815 1 3.13001e-10 0 -1.5708 3e+10 3.2e+10 0.49239
272 1 816 817 818 1 3.13001e-10 0 -1.5708 3e+10 3.2e+10 0.49239
273 1 819 820 821 1 3.13001e-10 0 -1.5708 3e+10 3.2e+10 0.49239
274 1 822 823 824 1 3.13001e-10 0 -1.5708 3e+10 3.2e+10 0.49239
275 1 825 826 827 1 3.13001e-10 0 -1.5708 3e+10 3.2e+10 0.49239
276 1 828 829 830 1 3.13001e-10 0 -1.5708 3e+10 3.2e+10 0.49239
277 1 831 832 833 1 3.13001e-10 0 -1.5708 3e+10 3.2e+10 0.49239
278 1 834 835 836 1 3.13001e-10 0 -1.5708 3e+10 3.2e+10 0.49239
279 1 837 838 839 1 3.13001e-10 0 -1.5708 3e+10 3.2e+10 0.49239
280 1 840 841 842 1 3.13001e-10 0 -1.5708 3e+10 3.2e+10 0.49239
281 1 843 844 845 1 3.13001e-10 0 -1.5708 3e+10 3.2e+10 0.49239
282 1 846 847 848 1 3.13001e-10 0 -1.5708 3e+10 3.2e+10 0.49239
283 1 849 850 851 1 3.13001e-10 0 -1.5708 3e+10 3.2e+10 0.49239
284 1 852 853 854 1 3.13001e-10 0 -1.5708 3e+10 3.2e+10 0.49239
285 1 855 856 857 1 3.13001e-10 0 -1.5708 3e+10 3.2e+10 0.49239
286 1 858 859 860 1 3.13001e-10 0 -1.5708 3e+10 3.2e+10 0.49239
287 1 861 862 863 1 3.13001e-10 0 -1.5708 3e+10 3.2e+10 0.49239
288 2 864 865 866 1 1.86643e-10 0 1.5708 3e+10 3.2e+10 0.654685
289 2 867 868 869 1 1.86643e-10 0 1.5708 3e+10 3.2e+10 0.654685
290 2 870 871 872 1 1.86643e-10 0 1.5708 3e+10 3.2e+10 0.654685
291 2 873 874 875 1 1.86643e-10 0 1.5708 3e+10 3.2e+10 0.654685
292 2 876 877 878 1 1.86643e-10 0 1.5708 3e+10 3.2e+10 0.654685
293 2 879 880 881 1 1.86643e-10 0 1.5708 3e+10 3.2e+10 0.654685
294 2 882 883 884 1 1.86643e-10 0 1.5708 3e+10 3.2e+10 0.654685
295 2 885 886 887 1 1.86643e-10 0 1.5708 3e+10 3.2e+10 0.654685
296 2 888 889 890 1 1.86643e-10 0 1.5708 3e+10 3.2e+10 0.654685
297 2 891 892 893 1 1.86643e-10 0 1.5708 3e+10 3.2e+10 0.654685
298 2 894 895 896 1 1.86643e-10 0 1.5708 3e+10 3.2e+10 0.654685
299 2 897 898 899 1 1.86643e-10 0 1.5708 3e+10 3.2e+10 0.654685
300 2 900 901 902 1 1.86643e-10 0 1.5708 3e+10 3.2e+10 0.654685
301 2 903 904 905 1 1.86643e-10 0 1.5708 3e+10 3.2e+10 0.654685
302 2 906 907 908 1 1.86643e-10 0 1.5708 3e+10 3.2e+10 0.654685
303 2 909 910 911 1 1.86643e-10 0 1.5708 3e+10 3.2e+10 0.654685
304 2 912 913 914 1 1.86643e-10 0 1.5708 3e+10 3.2e+10 0.654685
305 2 915 916 917 1 1.86643e-10 0 1.5708 3e+10 3.2e+10 0.654685
306 2 918 919 920 1 1.86643e-10 0 1.5708 3e+10 3.2e+10 0.654685
307 2 921 922 923 1 1.86643e-10 0 1.5708 3e+10 3.2e+10 0.654685
308 2 924 925 926 1 1.86643e-10 0 1.5708 3e+10 3.2e+10 0.654685
309 2 927 928 929 1 1.86643e-10 0 1.5708 3e+10 3.2e+10 0.654685
310 2 930 931 932 1 1.86643e-10 0 1.5708 3e+10 3.2e+10 0.654685
311 2 933 934 935 1 1.86643e-10 0 1.5708 3e+10 3.2e+10 0.654685
312 2 936 937 938 1 1.86643e-10 0 1.5708 3e+10 3.2e+10 0.654685
313 2 939 940 941 1 1.86643e-10 0 1.5708 3e+10 3.2e+10 0.654685
314 2 942 943 944 1 1.86643e-10 0 1.5708 3e+10 3.2e+10 0.654685
315 2 945 946 947 1 1.86643e-10 0 1.5708 3e+10 3.2e+10 0.654685
316 2 948 949 950 1 1.86643e-10 0 1.5708 3e+10 3.2e+10 0.654685
317 2 951 952 953 1 1.86643e-10 0 1.5708 3e+10 3.2e+10 0.654685
318 2 954 955 956 1 1.86643e-10 0 1.5708 3e+10 3.2e+10 0.654685
319 2 957 958 959 1 1.86643e-10 0 1.5708 3e+10 3.2e+10 0.654685
320 2 960 961 962 1 1.86643e-10 0 1.5708 3e+10 3.2e+10 0.654685
321 2 963 964 965 1 1.86643e-10 0 1.5708 3e+10 3.2e+10 0.654685
322 2 966 967 968 1 1.86643e-10 0 1.5708 3e+10 3.2e+10 0.654685
323 2 969 970 971 1 1.86643e-10 0 1.5708 3e+10 3.2e+10 0.654685
324 2 972 973 974 1 1.86643e-10 0 1.5708 3e+10 3.2e+10 0.654685
325 2 975 976 977 1 1.86643e-10 0 1.5708 3e+10 3.2e+10 0.654685
326 2 978 979 980 1 1.86643e-10 0 1.5708 3e+10 3.2e+10 0.654685
327 2 981 982 983 1 1.86643e-10 0 1.5708 3e+10 3.2e+10 0.654685
328 2 984 985 986 1 1.86643e-10 0 1.5708 3e+10 3.2e+10 0.654685
329 2 987 988 989 1 1.86643e-10 0 1.5708 3e+10 3.2e+10 0.654685
330 2 990 991 992 1 1.86643e-10 0 1.5708 3e+10 3.2e+10 0.654685
331 2 993 994 995 1 1.86643e-10 0 1.5708 3e+10 3.2e+10 0.654685
332 2 996 997 998 1 1.86643e-10 0 1.5708 3e+10 3.2e+10 0.654685
333 2 999 1000 1001 1 1.86643e-10 0 1.5708 3e+10 3.2e+10 0.654685
334 2 1002 1003 1004 1 1.86643e-10 0 1.5708 3e+10 3.2e+10 0.654685
335 2 1005 1006 1007 1 1.86643e-10 0 1.5708 3e+10 3.2e+10 0.654685
336 2 1008 1009 1010 1 1.86643e-10 0 1.5708 3e+10 3.2e+10 0.654685
337 2 1011 1012 1013 1 1.86643e-10 0 1.5708 3e+10 3.2e+10 0.654685
338 2 1014 1015 1016 1 1.86643e-10 0 1.5708 3e+10 3.2e+10 0.654685
339 2 1017 1018 1019 1 1.86643e-10 0 1.5708 3e+10 3.2e+10 0.654685
340 2 1020 1021 1022 1 1.86643e-10 0 1.5708 3e+10 3.2e+10 0.654685
341 2 1023 1024 1025 1 1.86643e-10 0 1.5708 3e+10 3.2e+10 0.654685
342 2 1026 1027 1028 1 1.86643e-10 0 1.5708 3e+10 3.2e+10 0.654685
343 2 1029 1030 1031 1 1.86643e-10 0 1.5708 3e+10 3.2e+10 0.654685
344 2 1032 1033 1034 1 1.86643e-10 0 1.5708 3e+10 3.2e+10 0.654685
345 2 1035 1036 1037 1 1.86643e-10 0 1.5708 3e+10 3.2e+10 0.654685
346 2 1038 1039 1040 1 1.86643e-10 0 1.5708 3e+10 3.2e+10 0.654685
347 2 1041 1042 1043 1 1.86643e-10 0 1.5708 3e+10 3.2e+10 0.654685
348 2 1044 1045 1046 1 1.86643e-10 0 1.5708 3e+10 3.2e+10 0.654685
349 2 1047 1048 1049 1 1.86643e-10 0 1.5708 3e+10 3.2e+10 0.654685
350 2 1050 1051 1052 1 1.86643e-10 0 1.5708 3e+10 3.2e+10 0.654685
351 2 1053 1054 1055 1 1.86643e-10 0 1.5708 3e+10 3.2e+10 0.654685
352 2 1056 1057 1058 1 1.86643e-10 0 1.5708 3e+10 3.2e+10 0.654685
353 2 1059 1060 1061 1 1.86643e-10 0 1.5708 3e+10 3.2e+10 0.654685
354 2 1062 1063 1064 1 1.86643e-10 0 1.5708 3e+10 3.2e+10 0.654685
355 2 1065 1066 1067 1 1.86643e-10 0 1.5708 3e+10 3.2e+10 0.654685
356 2 1068 1069 1070 1 1.86643e-10 0 1.5708 3e+10 3.2e+10 0.654685
357 2 1071 1072 1073 1 1.86643e-10 0 1.5708 3e+10 3.2e+10 0.654685
358 2 1074 1075 1076 1 1.86643e-10 0 1.5708 3e+10 3.2e+10 0.654685
359 2 1077 1078 1079 1 1.86643e-10 0 1.5708 3e+10 3.2e+10 0.654685
360 2 1080 1081 1082 1 1.86643e-10 0 1.5708 3e+10 3.2e+10 0.654685
361 2 1083 1084 1085 1 1.86643e-10 0 1.5708 3e+10 3.2e+10 0.654685
362 2 1086 1087 1088 1 1.86643e-10 0 1.5708 3e+10 3.2e+10 0.654685
363 2 1089 1090 1091 1 1.86643e-10 0 1.5708 3e+10 3.2e+10 0.654685
364 2 1092 1093 1094 1 1.86643e-10 0 1.5708 3e+10 3.2e+10 0.654685
365 2 1095 1096 1097 1 1.86643e-10 0 1.5708 3e+10 3.2e+10 0.654685
366 2 1098 1099 1100 1 1.86643e-10 0 1.5708 3e+10 3.2e+10 0.654685
367 2 1101 1102 1103 1 1.86643e-10 0 1.5708 3e+10 3.2e+10 0.654685
368 2 1104 1105 1106 1 1.86643e-10 0 1.5708 3e+10 3.2e+10 0.654685
369 2 1107 1108 1109 1 1.86643e-10 0 1.5708 3e+10 3.2e+10 0.654685
370 2 1110 1111 1112 1 1.86643e-10 0 1.5708 3e+10 3.2e+10 0.654685
371 2 1113 1114 1115 1 1.86643e-10 0 1.5708 3e+10 3.2e+10 0.654685
372 2 1116 1117 1118 1 1.86643e-10 0 1.5708 3e+10 3.2e+10 0.654685
373 2 1119 1120 1121 1 1.86643e-10 0 1.5708 3e+10 3.2e+10 0.654685
374 2 1122 1123 1124 1 1.86643e-10 0 1.5708 3e+10 3.2e+10 0.654685
375 2 1125 1126 1127 1 1.86643e-10 0 1.5708 3e+10 3.2e+10 0.654685
376 2 1128 1129 1130 1 1.86643e-10 0 1.5708 3e+10 3.2e+10 0.654685
377 2 1131 1132 1133 1 1.86643e-10 0 1.5708 3e+10 3.2e+10 0.654685
378 2 1134 1135 1136 1 1.86643e-10 0 1.5708 3e+10 3.2e+10 0.654685
379 2 1137 1138 1139 1 1.86643e-10 0 1.5708 3e+10 3.2e+10 0.654685
380 2 1140 1141 1142 1 1.86643e-10 0 1.5708 3e+10 3.2e+10 0.654685
381 2 1143 1144 1145 1 1.86643e-10 0 1.5708 3e+10 3.2e+10 0.654685
382 2 1146 1147 1148 1 1.86643e-10 0 1.5708 3e+10 3.2e+10 0.654685
383 2 1149 1150 1151 1 1.86643e-10 0 1.5708 3e+10 3.2e+10 0.654685
384 2 1152 1153 1154 1 1.86643e-10 0 1.5708 3e+10 3.2e+10 0.654685
385 2 1155 1156 1157 1 1.86643e-10 0 1.5708 3e+10 3.2e+10 0.654685
386 2 1158 1159 1160 1 1.86643e-10 0 1.5708 3e+10 3.2e+10 0.654685
387 2 1161 1162 1163 1 1.86643e-10 0 1.5708 3e+10 3.2e+10 0.654685
388 2 1164 1165 1166 1 1.86643e-10 0 1.5708 3e+10 3.2e+10 0.654685
389 2 1167 1168 1169 1 1.86643e-10 0 1.5708 3e+10 3.2e+10 0.654685
390 2 1170 1171 1172 1 1.86643e-10 0 1.5708 3e+10 3.2e+10 0.654685
391 2 1173 1174 1175 1 1.86643e-10 0 1.5708 3e+10 3.2e+10 0.654685
392 2 1176 1177 1178 1 1.86643e-10 0 1.5708 3e+10 3.2e+10 0.654685
393 2 1179 1180 1181 1 1.86643e-10 0 1.5708 3e+10 3.2e+10 0.654685
394 2 1182 1183 1184 1 1.86643e-10 0 1.5708 3e+10 3.2e+10 0.654685
395 2 1185 1186 1187 1 1.86643e-10 0 1.5708 3e+10 3.2e+10 0.654685
396 2 1188 1189 1190 1 1.86643e-10 0 1.5708 3e+10 3.2e+10 0.654685
397 2 1191 1192 1193 1 1.86643e-10 0 1.5708 3e+10 3.2e+10 0.654685
398 2 1194 1195 1196 1 1.86643e-10 0 1.5708 3e+10 3.2e+10 0.654685
399 2 1197 1198 1199 1 1.86643e-10 0 1.5708 3e+10 3.2e+10 0.654685
400 2 1200 1201 1202 1 1.86643e-10 0 1.5708 3e+10 3.2e+10 0.654685
401 2 1203 1204 1205 1 1.86643e-10 0 1.5708 3e+10 3.2e+10 0.654685
402 2 1206 1207 1208 1 1.86643e-10 0 1.5708 3e+10 3.2e+10 0.654685
403 2 1209 1210 1211 1 1.86643e-10 0 1.5708 3e+10 3.2e+10 0.654685
404 2 1212 1213 1214 1 1.86643e-10 0 1.5708 3e+10 3.2e+10 0.654685
405 2 1215 1216 1217 1 1.86643e-10 0 1.5708 3e+10 3.2e+10 0.654685
406 2 1218 1219 1220 1 1.86643e-10 0 1.5708 3e+10 3.2e+10 0.654685
407 2 1221 1222 1223 1 1.86643e-10 0 1.5708 3e+10 3.2e+10 0.654685
408 2 1224 1225 1226 1 1.86643e-10 0 1.5708 3e+10 3.2e+10 0.654685
409 2 1227 1228 1229 1 1.86643e-10 0 1.5708 3e+10 3.2e+10 0.654685
410 2 1230 1231 1232 1 1.86643e-10 0 1.5708 3e+10 3.2e+10 0.654685
411 2 1233 1234 1235 1 1.86643e-10 0 1.5708 3e+10 3.2e+10 0.654685
412 2 1236 1237 1238 1 1.86643e-10 0 1.5708 3e+10 3.2e+10 0.654685
413 2 1239 1240 1241 1 1.86643e-10 0 1.5708 3e+10 3.2e+10 0.654685
414 2 1242 1243 1244 1 1.86643e-10 0 1.5708 3e+10 3.2e+10 0.654685
415 2 1245 1246 1247 1 1.86643e-10 0 1.5708 3e+10 3.2e+10 0.654685
416 2 1248 1249 1250 1 1.86643e-10 0 1.5708 3e+10 3.2e+10 0.654685
417 2 1251 1252 1253 1 1.86643e-10 0 1.5708 3e+10 3.2e+10 0.654685
418 2 1254 1255 1256 1 1.86643e-10 0 1.5708 3e+10 3.2e+10 0.654685
419 2 1257 1258 1259 1 1.86643e-10 0 1.5708 3e+10 3.2e+10 0.654685
420 2 1260 1261 1262 1 1.86643e-10 0 1.5708 3e+10 3.2e+10 0.654685
421 2 1263 1264 1265 1 1.86643e-10 0 1.5708 3e+10 3.2e+10 0.654685
422 2 1266 1267 1268 1 1.86643e-10 0 1.5708 3e+10 3.2e+10 0.654685
423 2 1269 1270 1271 1 1.86643e-10 0 1.5708 3e+10 3.2e+10 0.654685
424 2 1272 1273 1274 1 1.86643e-10 0 1.5708 3e+10 3.2e+10 0.654685
425 2 1275 1276 1277 1 1.86643e-10 0 1.5708 3e+10 3.2e+10 0.654685
426 2 1278 1279 1280 1 1.86643e-10 0 1.5708 3e+10 3.2e+10 0.654685
427 2 1281 1282 1283 1 1.86643e-10 0 1.5708 3e+10 3.2e+10 0.654685
428 2 1284 1285 1286 1 1.86643e-10 0 1.5708 3e+10 3.2e+10 0.654685
429 2 1287 1288 1289 1 1.86643e-10 0 1.5708 3e+10 3.2e+10 0.654685
430 2 1290 1291 1292 1 1.86643e-10 0 1.5708 3e+10 3.2e+10 0.654685
431 2 1293 1294 1295 1 1.86643e-10 0 1.5708 3e+10 3.2e+10 0.654685
432 2 1296 1297 1298 1 1.86643e-10 0 1.5708 3e+10 3.2e+10 0.654685
433 2 1299 1300 1301 1 1.86643e-10 0 1.5708 3e+10 3.2e+10 0.654685
434 2 1302 1303 1304 1 1.86643e-10 0 1.5708 3e+10 3.2e+10 0.654685
435 2 1305 1306 1307 1 1.86643e-10 0 1.5708 3e+10 3.2e+10 0.654685
436 2 1308 1309 1310 1 1.86643e-10 0 1.5708 3e+10 3.2e+10 0.654685
437 2 1311 1312 1313 1 1.86643e-10 0 1.5708 3e+10 3.2e+10 0.654685
438 2 1314 1315 1316 1 1.86643e-10 0 1.5708 3e+10 3.2e+10 0.654685
439 2 1317 1318 1319 1 1.86643e-10 0 1.5708 3e+10 3.2e+10 0.654685
440 2 1320 1321 1322 1 1.86643e-10 0 1.5708 3e+10 3.2e+10 0.654685
441 2 1323 1324 1325 1 1.86643e-10 0 1.5708 3e+10 3.2e+10 0.654685
442 2 1326 1327 1328 1 1.86643e-10 0 1.5708 3e+10 3.2e+10 0.654685
443 2 1329 1330 1331 1 1.86643e-10 0 1.5708 3e+10 3.2e+10 0.654685
444 2 1332 1333 1334 1 1.86643e-10 0 1.5708 3e+10 3.2e+10 0.654685
445 2 1335 1336 1337 1 1.86643e-10 0 1.5708 3e+10 3.2e+10 0.654685
446 2 1338 1339 1340 1 1.86643e-10 0 1.5708 3e+10 3.2e+10 0.654685
447 2 1341 1342 1343 1 1.86643e-10 0 1.5708 3e+10 3.2e+10 0.654685
448 2 1344 1345 1346 1 1.86643e-10 0 1.5708 3e+10 3.2e+10 0.654685
449 2 1347 1348 1349 1 1.86643e-10 0 1.5708 3e+10 3.2e+10 0.654685
450 2 1350 1351 1352 1 1.86643e-10 0 1.5708 3e+10 3.2e+10 0.654685
451 2 1353 1354 1355 1 1.86643e-10 0 1.5708 3e+10 3.2e+10 0.654685
452 2 1356 1357 1358 1 1.86643e-10 0 1.5708 3e+10 3.2e+10 0.654685
453 2 1359 1360 1361 1 1.86643e-10 0 1.5708 3e+10 3.2e+10 0.654685
454 2 1362 1363 1364 1 1.86643e-10 0 1.5708 3e+10 3.2e+10 0.654685
455 2 1365 1366 1367 1 1.86643e-10 0 1.5708 3e+10 3.2e+10 0.654685
456 2 1368 1369 1370 1 1.86643e-10 0 1.5708 3e+10 3.2e+10 0.654685
457 2 1371 1372 1373 1 1.86643e-10 0 1.5708 3e+10 3.2e+10 0.654685
458 2 1374 1375 1376 1 1.86643e-10 0 1.5708 3e+10 3.2e+10 0.654685
459 2 1377 1378 1379 1 1.86643e-10 0 1.5708 3e+10 3.2e+10 0.654685
460 2 1380 1381 1382 1 1.86643e-10 0 1.5708 3e+10 3.2e+10 0.654685
461 2 1383 1384 1385 1 1.86643e-10 0 1.5708 3e+10 3.2e+10 0.654685
462 2 1386 1387 1388 1 1.86643e-10 0 1.5708 3e+10 3.2e+10 0.654685
463 2 1389 1390 1391 1 1.86643e-10 0 1.5708 3e+10 3.2e+10 0.654685
464 2 1392 1393 1394 1 1.86643e-10 0 1.5708 3e+10 3.2e+10 0.654685
465 2 1395 1396 1397 1 1.86643e-10 0 1.5708 3e+10 3.2e+10 0.654685
466 2 1398 1399 1400 1 1.86643e-10 0 1.5708 3e+10 3.2e+10 0.654685
467 2 1401 1402 1403 1 1.86643e-10 0 1.5708 3e+10 3.2e+10 0.654685
468 2 1404 1405 1406 1 1.86643e-10 0 1.5708 3e+10 3.2e+10 0.654685
469 2 1407 1408 1409 1 1.86643e-10 0 1.5708 3e+10 3.2e+10 0.654685
470 2 1410 1411 1412 1 1.86643e-10 0 1.5708 3e+10 3.2e+10 0.654685
471 2 1413 1414 1415 1 1.86643e-10 0 1.5708 3e+10 3.2e+10 0.654685
472 2 1416 1417 1418 1 1.86643e-10 0 1.5708 3e+10 3.2e+10 0.654685
473 2 1419 1420 1421 1 1.86643e-10 0 1.5708 3e+10 3.2e+10 0.654685
474 2 1422 1423 1424 1 1.86643e-10 0 1.5708 3e+10 3.2e+10 0.654685
475 2 1425 1426 1427 1 1.86643e-10 0 1.5708 3e+10 3.2e+10 0.654685
476 2 1428 1429 1430 1 1.86643e-10 0 1.5708 3e+10 3.2e+10 0.654685
477 2 1431 1432 1433 1 1.86643e-10 0 1.5708 3e+10 3.2e+10 0.654685
478 2 1434 1435 1436 1 1.86643e-10 0 1.5708 3e+10 3.2e+10 0.654685
479 2 1437 1438 1439 1 1.86643e-10 0 1.5708 3e+10 3.2e+10 0.654685
480 2 1440 1441 1442 1 1.86643e-10 0 1.5708 3e+10 3.2e+10 0.654685
481 2 1443 1444 1445 1 1.86643e-10 0 1.5708 3e+10 3.2e+10 0.654685
482 2 1446 1447 1448 1 1.86643e-10 0 1.5708 3e+10 3.2e+10 0.654685
483 2 1449 1450 1451 1 1.86643e-10 0 1.5708 3e+10 3.2e+10 0.654685
484 2 1452 1453 1454 1 1.86643e-10 0 1.5708 3e+10 3.2e+10 0.654685
485 2 1455 1456 1457 1 1.86643e-10 0 1.5708 3e+10 3.2e+10 0.654685
486 2 1458 1459 1460 1 1.86643e-10 0 1.5708 3e+10 3.2e+10 0.654685
487 2 1461 1462 1463 1 1.86643e-10 0 1.5708 3e+10 3.2e+10 0.654685
488 2 1464 1465 1466 1 1.86643e-10 0 1.5708 3e+10 3.2e+10 0.654685
489 2 1467 1468 1469 1 1.86643e-10 0 1.5708 3e+10 3.2e+10 0.654685
490 2 1470 1471 1472 1 1.86643e-10 0 1.5708 3e+10 3.2e+10 0.654685
491 2 1473 1474 1475 1 1.86643e-10 0 1.5708 3e+10 3.2e+10 0.654685
492 2 1476 1477 1478 1 1.86643e-10 0 1.5708 3e+10 3.2e+10 0.654685
493 2 1479 1480 1481 1 1.86643e-10 0 1.5708 3e+10 3.2e+10 0.654685
494 2 1482 1483 1484 1 1.86643e-10 0 1.5708 3e+10 3.2e+10 0.654685
495 2 1485 1486 1487 1 1.86643e-10 0 1.5708 3e+10 3.2e+10 0.654685
496 2 1488 1489 1490 1 1.86643e-10 0 1.5708 3e+10 3.2e+10 0.654685
497 2 1491 1492 1493 1 1.86643e-10 0 1.5708 3e+10 3.2e+10 0.654685
498 2 1494 1495 1496 1 1.86643e-10 0 1.5708 3e+10 3.2e+10 0.654685
499 2 1497 1498 1499 1 1.86643e-10 0 1.5708 3e+10 3.2e+10 0.654685
500 2 1500 1501 1502 1 1.86643e-10 0 1.5708 3e+10 3.2e+10 0.654685
501 2 1503 1504 1505 1 1.86643e-10 0 1.5708 3e+10 3.2e+10 0.654685
502 2 1506 1507 1508 1 1.86643e-10 0 1.5708 3e+10 3.2e+10 0.654685
503 2 1509 1510 1511 1 1.86643e-10 0 1.5708 3e+10 3.2e+10 0.654685
504 2 1512 1513 1514 1 1.86643e-10 0 1.5708 3e+10 3.2e+10 0.654685
505 2 1515 1516 1517 1 1.86643e-10 0 1.5708 3e+10 3.2e+10 0.654685
506 2 1518 1519 1520 1 1.86643e-10 0 1.5708 3e+10 3.2e+10 0.654685
507 2 1521 1522 1523 1 1.86643e-10 0 1.5708 3e+10 3.2e+10 0.654685
508 2 1524 1525 1526 1 1.86643e-10 0 1.5708 3e+10 3.2e+10 0.654685
509 2 1527 1528 1529 1 1.86643e-10 0 1.5708 3e+10 3.2e+10 0.654685
510 2 1530 1531 1532 1 1.86643e-10 0 1.5708 3e+10 3.2e+10 0.654685
511 2 1533 1534 1535 1 1.86643e-10 0 1.5708 3e+10 3.2e+10 0.654685
512 2 1536 1537 1538 1 1.86643e-10 0 1.5708 3e+10 3.2e+10 0.654685
513 2 1539 1540 1541 1 1.86643e-10 0 1.5708 3e+10 3.2e+10 0.654685
514 2 1542 1543 1544 1 1.86643e-10 0 1.5708 3e+10 3.2e+10 0.654685
515 2 1545 1546 1547 1 1.86643e-10 0 1.5708 3e+10 3.2e+10 0.654685
516 2 1548 1549 1550 1 1.86643e-10 0 1.5708 3e+10 3.2e+10 0.654685
517 2 1551 1552 1553 1 1.86643e-10 0 1.5708 3e+10 3.2e+10 0.654685
518 2 1554 1555 1556 1 1.86643e-10 0 1.5708 3e+10 3.2e+10 0.654685
519 2 1557 1558 1559 1 1.86643e-10 0 1.5708 3e+10 3.2e+10 0.654685
520 2 1560 1561 1562 1 1.86643e-10 0 1.5708 3e+10 3.2e+10 0.654685
521 2 1563 1564 1565 1 1.86643e-10 0 1.5708 3e+10 3.2e+10 0.654685
522 2 1566 1567 1568 1 1.86643e-10 0 1.5708 3e+10 3.2e+10 0.654685
523 2 1569 1570 1571 1 1.86643e-10 0 1.5708 3e+10 3.2e+10 0.654685
524 2 1572 1573 1574 1 1.86643e-10 0 1.5708 3e+10 3.2e+10 0.654685
525 2 1575 1576 1577 1 1.86643e-10 0 1.5708 3e+10 3.2e+10 0.654685
526 2 1578 1579 1580 1 1.86643e-10 0 1.5708 3e+10 3.2e+10 0.654685
527 2 1581 1582 1583 1 1.86643e-10 0 1.5708 3e+10 3.2e+10 0.654685
528 2 1584 1585 1586 1 1.86643e-10 0 1.5708 3e+10 3.2e+10 0.654685
529 2 1587 1588 1589 1 1.86643e-10 0 1.5708 3e+10 3.2e+10 0.654685
530 2 1590 1591 1592 1 1.86643e-10 0 1.5708 3e+10 3.2e+10 0.654685
531 2 1593 1594 1595 1 1.86643e-10 0 1.5708 3e+10 3.2e+10 0.654685
532 2 1596 1597 1598 1 1.86643e-10 0 1.5708 3e+10 3.2e+10 0.654685
533 2 1599 1600 1601 1 1.86643e-10 0 1.5708 3e+10 3.2e+10 0.654685
534 2 1602 1603 1604 1 1.86643e-10 0 1.5708 3e+10 3.2e+10 0.654685
535 2 1605 1606 1607 1 1.86643e-10 0 1.5708 3e+10 3.2e+10 0.654685
536 2 1608 1609 1610 1 1.86643e-10 0 1.5708 3e+10 3.2e+10 0.654685
537 2 1611 1612 1613 1 1.86643e-10 0 1.5708 3e+10 3.2e+10 0.654685
538 2 1614 1615 1616 1 1.86643e-10 0 1.5708 3e+10 3.2e+10 0.654685
539 2 1617 1618 1619 1 1.86643e-10 0 1.5708 3e+10 3.2e+10 0.654685
540 2 1620 1621 1622 1 1.86643e-10 0 1.5708 3e+10 3.2e+10 0.654685
541 2 1623 1624 1625 1 1.86643e-10 0 1.5708 3e+10 3.2e+10 0.654685
542 2 1626 1627 1628 1 1.86643e-10 0 1.5708 3e+10 3.2e+10 0.654685
543 2 1629 1630 1631 1 1.86643e-10 0 1.5708 3e+10 3.2e+10 0.654685
544 2 1632 1633 1634 1 1.86643e-10 0 1.5708 3e+10 3.2e+10 0.654685
545 2 1635 1636 1637 1 1.86643e-10 0 1.5708 3e+10 3.2e+10 0.654685
546 2 1638 1639 1640 1 1.86643e-10 0 1.5708 3e+10 3.2e+10 0.654685
547 2 1641 1642 1643 1 1.86643e-10 0 1.5708 3e+10 3.2e+10 0.654685
548 2 1644 1645 1646 1 1.86643e-10 0 1.5708 3e+10 3.2e+10 0.654685
549 2 1647 1648 1649 1 1.86643e-10 0 1.5708 3e+10 3.2e+10 0.654685
550 2 1650 1651 1652 1 1.86643e-10 0 1.5708 3e+10 3.2e+10 0.654685
551 2 1653 1654 1655 1 1.86643e-10 0 1.5708 3e+10 3.2e+10 0.654685
# id: Unique ID of the vertex.
# latitude: Latitude of the vertex.
# longitude: Longitude of the vertex.
# altitude: Altitude of the vertex in meters (negative is below ground).
# das: Vertex distance along fault strike in meters.
# id latitude longitude altitude das 
0 40.3593 -124.9 0 0
1 40.3593 -124.9 -1000 0
2 40.3545 -124.89 0 1000
4 40.3593 -124.9 -2000 0
5 40.3545 -124.89 -1000 1000
7 40.3593 -124.9 -3000 0
8 40.3545 -124.89 -2000 1000
10 40.3593 -124.9 -4000 0
11 40.3545 -124.89 -3000 1000
13 40.3593 -124.9 -5000 0
14 40.3545 -124.89 -4000 1000
16 40.3593 -124.9 -6000 0
17 40.3545 -124.89 -5000 1000
19 40.3593 -124.9 -7000 0
20 40.3545 -124.89 -6000 1000
22 40.3593 -124.9 -8000 0
23 40.3545 -124.89 -7000 1000
25 40.3593 -124.9 -9000 0
26 40.3545 -124.89 -8000 1000
28 40.3593 -124.9 -10000 0
29 40.3545 -124.89 -9000 1000
31 40.3593 -124.9 -11000 0
32 40.3545 -124.89 -10000 1000
34 40.3593 -124.9 -12000 0
35 40.3545 -124.89 -11000 1000
36 40.3545 -124.89 0 1000
37 40.3545 -124.89 -1000 1000
38 40.3497 -124.88 0 2000
39 40.3545 -124.89 -1000 1000
40 40.3545 -124.89 -2000 1000
41 40.3497 -124.88 -1000 2000
42 40.3545 -124.89 -2000 1000
43 40.3545 -124.89 -3000 1000
44 40.3497 -124.88 -2000 2000
45 40.3545 -124.89 -3000 1000
46 40.3545 -124.89 -4000 1000
47 40.3497 -124.88 -3000 2000
48 40.3545 -124.89 -4000 1000
49 40.3545 -124.89 -5000 1000
50 40.3497 -124.88 -4000 2000
51 40.3545 -124.89 -5000 1000
52 40.3545 -124.89 -6000 1000
53 40.3497 -124.88 -5000 2000
54 40.3545 -124.89 -6000 1000
55 40.3545 -124.89 -7000 1000
56 40.3497 -124.88 -6000 2000
57 40.3545 -124.89 -7000 1000
58 40.3545 -124.89 -8000 1000
59 40.3497 -124.88 -7000 2000
60 40.3545 -124.89 -8000 1000
61 40.3545 -124.89 -9000 1000
62 40.3497 -124.88 -8000 2000
63 40.3545 -124.89 -9000 1000
64 40.3545 -124.89 -10000 1000
65 40.3497 -124.88 -9000 2000
66 40.3545 -124.89 -10000 1000
67 40.3545 -124.89 -11000 1000
68 40.3497 -124.88 -10000 2000
69 40.3545 -124.89 -11000 1000
70 40.3545 -124.89 -12000 1000
71 40.3497 -124.88 -11000 2000
72 40.3497 -124.88 0 2000
73 40.3497 -124.88 -1000 2000
74 40.3448 -124.87 0 3000
75 40.3497 -124.88 -1000 2000
76 40.3497 -124.88 -2000 2000
77 40.3448 -124.87 -1000 3000
78 40.3497 -124.88 -2000 2000
79 40.3497 -124.88 -3000 2000
80 40.3448 -124.87 -2000 3000
81 40.3497 -124.88 -3000 2000
82 40.3497 -124.88 -4000 2000
83 40.3448 -124.87 -3000 3000
84 40.3497 -124.88 -4000 2000
85 40.3497 -124.88 -5000 2000
86 40.3448 -124.87 -4000 3000
87 40.3497 -124.88 -5000 2000
88 40.3497 -124.88 -6000 2000
89 40.3448 -124.87 -5000 3000
90 40.3497 -124.88 -6000 2000
91 40.3497 -124.88 -7000 2000
92 40.3448 -124.87 -6000 3000
93 40.3497 -124.88 -7000 2000
94 40.3497 -124.88 -8000 2000
95 40.3448 -124.87 -7000 3000
96 40.3497 -124.88 -8000 2000
97 40.3497 -124.88 -9000 2000
98 40.3448 -124.87 -8000 3000
99 40.3497 -124.88 -9000 2000
100 40.3497 -124.88 -10000 2000
101 40.3448 -124.87 -9000 3000
102 40.3497 -124.88 -10000 2000
103 40.3497 -124.88 -11000 2000
104 40.3448 -124.87 -10000 3000
105 40.3497 -124.88 -11000 2000
106 40.3497 -124.88 -12000 2000
107 40.3448 -124.87 -11000 3000
108 40.3448 -124.87 0 3000
109 40.3448 -124.87 -1000 3000
110 40.34 -124.86 0 4000
111 40.3448 -124.87 -1000 3000
112 40.3448 -124.87 -2000 3000
113 40.34 -124.86 -1000 4000
114 40.3448 -124.87 -2000 3000
115 40.3448 -124.87 -3000 3000
116 40.34 -124.86 -2000 4000
117 40.3448 -124.87 -3000 3000
118 40.3448 -124.87 -4000 3000
119 40.34 -124.86 -3000 4000
120 40.3448 -124.87 -4000 3000
121 40.3448 -124.87 -5000 3000
122 40.34 -124.86 -4000 4000
123 40.3448 -124.87 -5000 3000
124 40.3448 -124.87 -6000 3000
125 40.34 -124.86 -5000 4000
126 40.3448 -124.87 -6000 3000
127 40.3448 -124.87 -7000 3000
128 40.34 -124.86 -6000 4000
129 40.3448 -124.87 -7000 3000
130 40.3448 -124.87 -8000 3000
131 40.34 -124.86 -7000 4000
132 40.3448 -124.87 -8000 3000
133 40.3448 -124.87 -9000 3000
134 40.34 -124.86 -8000 4000
135 40.3448 -124.87 -9000 3000
136 40.3448 -124.87 -10000 3000
137 40.34 -124.86 -9000 4000
138 40.3448 -124.87 -10000 3000
139 40.3448 -124.87 -11000 3000
140 40.34 -124.86 -10000 4000
141 40.3448 -124.87 -11000 3000
142 40.3448 -124.87 -12000 3000
143 40.34 -124.86 -11000 4000
144 40.34 -124.86 0 4000
145 40.34 -124.86 -1000 4000
146 40.3352 -124.85 0 5000
147 40.34 -124.86 -1000 4000
148 40.34 -124.86 -2000 4000
149 40.3352 -124.85 -1000 5000
150 40.34 -124.86 -2000 4000
151 40.34 -124.86 -3000 4000
152 40.3352 -124.85 -2000 5000
153 40.34 -124.86 -3000 4000
154 40.34 -124.86 -4000 4000
155 40.3352 -124.85 -3000 5000
156 40.34 -124.86 -4000 4000
157 40.34 -124.86 -5000 4000
158 40.3352 -124.85 -4000 5000
159 40.34 -124.86 -5000 4000
160 40.34 -124.86 -6000 4000
161 40.3352 -124.85 -5000 5000
162 40.34 -124.86 -6000 4000
163 40.34 -124.86 -7000 4000
164 40.3352 -124.85 -6000 5000
165 40.34 -124.86 -7000 4000
166 40.34 -124.86 -8000 4000
167 40.3352 -124.85 -7000 5000
168 40.34 -124.86 -8000 4000
169 40.34 -124.86 -9000 4000
170 40.3352 -124.85 -8000 5000
171 40.34 -124.86 -9000 4000
172 40.34 -124.86 -10000 4000
173 40.3352 -124.85 -9000 5000
174 40.34 -124.86 -10000 4000
175 40.34 -124.86 -11000 4000
176 40.3352 -124.85 -10000 5000
177 40.34 -124.86 -11000 4000
178 40.34 -124.86 -12000 4000
179 40.3352 -124.85 -11000 5000
180 40.3352 -124.85 0 5000
181 40.3352 -124.85 -1000 5000
182 40.3304 -124.84 0 6000
183 40.3352 -124.85 -1000 5000
184 40.3352 -124.85 -2000 5000
185 40.3304 -124.84 -1000 6000
186 40.3352 -124.85 -2000 5000
187 40.3352 -124.85 -3000 5000
188 40.3304 -124.84 -2000 6000
189 40.3352 -124.85 -3000 5000
190 40.3352 -124.85 -4000 5000
191 40.3304 -124.84 -3000 6000
192 40.3352 -124.85 -4000 5000
193 40.3352 -124.85 -5000 5000
194 40.3304 -124.84 -4000 6000
195 40.3352 -124.85 -5000 5000
196 40.3352 -124.85 -6000 5000
197 40.3304 -124.84 -5000 6000
198 40.3352 -124.85 -6000 5000
199 40.3352 -124.85 -7000 5000
200 40.3304 -124.84 -6000 6000
201 40.3352 -124.85 -7000 5000
202 40.3352 -124.85 -8000 5000
203 40.3304 -124.84 -7000 6000
204 40.3352 -124.85 -8000 5000
205 40.3352 -124.85 -9000 5000
206 40.3304 -124.84 -8000 6000
207 40.3352 -124.85 -9000 5000
208 40.3352 -124.85 -10000 5000
209 40.3304 -124.84 -9000 6000
210 40.3352 -124.85 -10000 5000
211 40.3352 -124.85 -11000 5000
212 40.3304 -124.84 -10000 6000
213 40.3352 -124.85 -11000 5000
214 40.3352 -124.85 -12000 5000
215 40.3304 -124.84 -11000 6000
216 40.3304 -124.84 0 6000
217 40.3304 -124.84 -1000 6000
218 40.3255 -124.83 0 7000
219 40.3304 -124.84 -1000 6000
220 40.3304 -124.84 -2000 6000
221 40.3255 -124.83 -1000 7000
222 40.3304 -124.84 -2000 6000
223 40.3304 -124.84 -3000 6000
224 40.3255 -124.83 -2000 7000
225 40.3304 -124.84 -3000 6000
226 40.3304 -124.84 -4000 6000
227 40.3255 -124.83 -3000 7000
228 40.3304 -124.84 -4000 6000
229 40.3304 -124.84 -5000 6000
230 40.3255 -124.83 -4000 7000
231 40.3304 -124.84 -5000 6000
232 40.3304 -124.84 -6000 6000
233 40.3255 -124.83 -5000 7000
234 40.3304 -124.84 -6000 6000
235 40.3304 -124.84 -7000 6000
236 40.3255 -124.83 -6000 7000
237 40.3304 -124.84 -7000 6000
238 40.3304 -124.84 -8000 6000
239 40.3255 -124.83 -7000 7000
240 40.3304 -124.84 -8000 6000
241 40.3304 -124.84 -9000 6000
242 40.3255 -124.83 -8000 7000
243 40.3304 -124.84 -9000 6000
244 40.3304 -124.84 -10000 6000
245 40.3255 -124.83 -9000 7000
246 40.3304 -124.84 -10000 6000
247 40.3304 -124.84 -11000 6000
248 40.3255 -124.83 -10000 7000
249 40.3304 -124.84 -11000 6000
250 40.3304 -124.84 -12000 6000
251 40.3255 -124.83 -11000 7000
252 40.3255 -124.83 0 7000
253 40.3255 -124.83 -1000 7000
254 40.3207 -124.821 0 8000
255 40.3255 -124.83 -1000 7000
256 40.3255 -124.83 -2000 7000
257 40.3207 -124.821 -1000 8000
258 40.3255 -124.83 -2000 7000
259 40.3255 -124.83 -3000 7000
260 40.3207 -124.821 -2000 8000
261 40.3255 -124.83 -3000 7000
262 40.3255 -124.83 -4000 7000
263 40.3207 -124.821 -3000 8000
264 40.3255 -124.83 -4000 7000
265 40.3255 -124.83 -5000 7000
266 40.3207 -124.821 -4000 8000
267 40.3255 -124.83 -5000 7000
268 40.3255 -124.83 -6000 7000
269 40.3207 -124.821 -5000 8000
270 40.3255 -124.83 -6000 7000
271 40.3255 -124.83 -7000 7000
272 40.3207 -124.821 -6000 8000
273 40.3255 -124.83 -7000 7000
274 40.3255 -124.83 -8000 7000
275 40.3207 -124.821 -7000 8000
276 40.3255 -124.83 -8000 7000
277 40.3255 -124.83 -9000 7000
278 40.3207 -124.821 -8000 8000
279 40.3255 -124.83 -9000 7000
280 40.3255 -124.83 -10000 7000
281 40.3207 -124.821 -9000 8000
282 40.3255 -124.83 -10000 7000
283 40.3255 -124.83 -11000 7000
284 40.3207 -124.821 -10000 8000
285 40.3255 -124.83 -11000 7000
286 40.3255 -124.83 -12000 7000
287 40.3207 -124.821 -11000 8000
288 40.3207 -124.821 0 8000
289 40.3207 -124.821 -1000 8000
290 40.3159 -124.811 0 9000
291 40.3207 -124.821 -1000 8000
292 40.3207 -124.821 -2000 8000
293 40.3159 -124.811 -1000 9000
294 40.3207 -124.821 -2000 8000
295 40.3207 -124.821 -3000 8000
296 40.3159 -124.811 -2000 9000
297 40.3207 -124.821 -3000 8000
298 40.3207 -124.821 -4000 8000
299 40.3159 -124.811 -3000 9000
300 40.3207 -124.821 -4000 8000
301 40.3207 -124.821 -5000 8000
302 40.3159 -124.811 -4000 9000
303 40.3207 -124.821 -5000 8000
304 40.3207 -124.821 -6000 8000
305 40.3159 -124.811 -5000 9000
306 40.3207 -124.821 -6000 8000
307 40.3207 -124.821 -7000 8000
308 40.3159 -124.811 -6000 9000
309 40.3207 -124.821 -7000 8000
310 40.3207 -124.821 -8000 8000
311 40.3159 -124.811 -7000 9000
312 40.3207 -124.821 -8000 8000
313 40.3207 -124.821 -9000 8000
314 40.3159 -124.811 -8000 9000
315 40.3207 -124.821 -9000 8000
316 40.3207 -124.821 -10000 8000
317 40.3159 -124.811 -9000 9000
318 40.3207 -124.821 -10000 8000
319 40.3207 -124.821 -11000 8000
320 40.3159 -124.811 -10000 9000
321 40.3207 -124.821 -11000 8000
322 40.3207 -124.821 -12000 8000
323 40.3159 -124.811 -11000 9000
324 40.3159 -124.811 0 9000
325 40.3159 -124.811 -1000 9000
326 40.311 -124.801 0 10000
327 40.3159 -124.811 -1000 9000
328 40.3159 -124.811 -2000 9000
329 40.311 -124.801 -1000 10000
330 40.3159 -124.811 -2000 9000
331 40.3159 -124.811 -3000 9000
332 40.311 -124.801 -2000 10000
333 40.3159 -124.811 -3000 9000
334 40.3159 -124.811 -4000 9000
335 40.311 -124.801 -3000 10000
336 40.3159 -124.811 -4000 9000
337 40.3159 -124.811 -5000 9000
338 40.311 -124.801 -4000 10000
339 40.3159 -124.811 -5000 9000
340 40.3159 -124.811 -6000 9000
341 40.311 -124.801 -5000 10000
342 40.3159 -124.811 -6000 9000
343 40.3159 -124.811 -7000 9000
344 40.311 -124.801 -6000 10000
345 40.3159 -124.811 -7000 9000
346 40.3159 -124.811 -8000 9000
347 40.311 -124.801 -7000 10000
348 40.3159 -124.811 -8000 9000
349 40.3159 -124.811 -9000 9000
350 40.311 -124.801 -8000 10000
351 40.3159 -124.811 -9000 9000
352 40.3159 -124.811 -10000 9000
353 40.311 -124.801 -9000 10000
354 40.3159 -124.811 -10000 9000
355 40.3159 -124.811 -11000 9000
356 40.311 -124.801 -10000 10000
357 40.3159 -124.811 -11000 9000
358 40.3159 -124.811 -12000 9000
359 40.311 -124.801 -11000 10000
360 40.311 -124.801 0 10000
361 40.311 -124.801 -1000 10000
362 40.3062 -124.791 0 11000
363 40.311 -124.801 -1000 10000
364 40.311 -124.801 -2000 10000
365 40.3062 -124.791 -1000 11000
366 40.311 -124.801 -2000 10000
367 40.311 -124.801 -3000 10000
368 40.3062 -124.791 -2000 11000
369 40.311 -124.801 -3000 10000
370 40.311 -124.801 -4000 10000
371 40.3062 -124.791 -3000 11000
372 40.311 -124.801 -4000 10000
373 40.311 -124.801 -5000 10000
374 40.3062 -124.791 -4000 11000
375 40.311 -124.801 -5000 10000
376 40.311 -124.801 -6000 10000
377 40.3062 -124.791 -5000 11000
378 40.311 -124.801 -6000 10000
379 40.311 -124.801 -7000 10000
380 40.3062 -124.791 -6000 11000
381 40.311 -124.801 -7000 10000
382 40.311 -124.801 -8000 10000
383 40.3062 -124.791 -7000 11000
384 40.311 -124.801 -8000 10000
385 40.311 -124.801 -9000 10000
386 40.3062 -124.791 -8000 11000
387 40.311 -124.801 -9000 10000
388 40.311 -124.801 -10000 10000
389 40.3062 -124.791 -9000 11000
390 40.311 -124.801 -10000 10000
391 40.311 -124.801 -11000 10000
392 40.3062 -124.791 -10000 11000
393 40.311 -124.801 -11000 10000
394 40.311 -124.801 -12000 10000
395 40.3062 -124.791 -11000 11000
396 40.3062 -124.791 0 11000
397 40.3062 -124.791 -1000 11000
398 40.3014 -124.781 0 12000
399 40.3062 -124.791 -1000 11000
400 40.3062 -124.791 -2000 11000
401 40.3014 -124.781 -1000 12000
402 40.3062 -124.791 -2000 11000
403 40.3062 -124.791 -3000 11000
404 40.3014 -124.781 -2000 12000
405 40.3062 -124.791 -3000 11000
406 40.3062 -124.791 -4000 11000
407 40.3014 -124.781 -3000 12000
408 40.3062 -124.791 -4000 11000
409 40.3062 -124.791 -5000 11000
410 40.3014 -124.781 -4000 12000
411 40.3062 -124.791 -5000 11000
412 40.3062 -124.791 -6000 11000
413 40.3014 -124.781 -5000 12000
414 40.3062 -124.791 -6000 11000
415 40.3062 -124.791 -7000 11000
416 40.3014 -124.781 -6000 12000
417 40.3062 -124.791 -7000 11000
418 40.3062 -124.791 -8000 11000
419 40.3014 -124.781 -7000 12000
420 40.3062 -124.791 -8000 11000
421 40.3062 -124.791 -9000 11000
422 40.3014 -124.781 -8000 12000
423 40.3062 -124.791 -9000 11000
424 40.3062 -124.791 -10000 11000
425 40.3014 -124.781 -9000 12000
426 40.3062 -124.791 -10000 11000
427 40.3062 -124.791 -11000 11000
428 40.3014 -124.781 -10000 12000
429 40.3062 -124.791 -11000 11000
430 40.3062 -124.791 -12000 11000
431 40.3014 -124.781 -11000 12000
432 40.35 -125 0 0
433 40.3516 -124.995 -883.18 0
434 40.3417 -124.995 0 1000
435 40.3516 -124.995 -883.18 0
436 40.3532 -124.99 -1766.36 0
437 40.3433 -124.99 -883.18 1000
438 40.3532 -124.99 -1766.36 0
439 40.3548 -124.985 -2649.54 0
440 40.3449 -124.985 -1766.36 1000
441 40.3548 -124.985 -2649.54 0
442 40.3565 -124.98 -3532.72 0
443 40.3465 -124.98 -2649.54 1000
444 40.3565 -124.98 -3532.72 0
445 40.3581 -124.974 -4415.9 0
446 40.3481 -124.975 -3532.72 1000
447 40.3581 -124.974 -4415.9 0
448 40.3597 -124.969 -5299.08 0
449 40.3498 -124.97 -4415.9 1000
450 40.3597 -124.969 -5299.08 0
451 40.3613 -124.964 -6182.26 0
452 40.3514 -124.965 -5299.08 1000
453 40.3613 -124.964 -6182.26 0
454 40.3629 -124.959 -7065.44 0
455 40.353 -124.96 -6182.26 1000
456 40.3629 -124.959 -7065.44 0
457 40.3645 -124.954 -7948.62 0
458 40.3546 -124.955 -7065.44 1000
459 40.3645 -124.954 -7948.62 0
460 40.3661 -124.949 -8831.8 0
461 40.3562 -124.95 -7948.62 1000
462 40.3661 -124.949 -8831.8 0
463 40.3678 -124.944 -9714.98 0
464 40.3578 -124.944 -8831.8 1000
465 40.3678 -124.944 -9714.98 0
466 40.3694 -124.939 -10598.2 0
467 40.3594 -124.939 -9714.98 1000
468 40.3417 -124.995 0 1000
469 40.3433 -124.99 -883.18 1000
470 40.3334 -124.991 0 2000
471 40.3433 -124.99 -883.18 1000
472 40.3449 -124.985 -1766.36 1000
473 40.335 -124.986 -883.18 2000
474 40.3449 -124.985 -1766.36 1000
475 40.3465 -124.98 -2649.54 1000
476 40.3366 -124.981 -1766.36 2000
477 40.3465 -124.98 -2649.54 1000
478 40.3481 -124.975 -3532.72 1000
479 40.3382 -124.976 -2649.54 2000
480 40.3481 -124.975 -3532.72 1000
481 40.3498 -124.97 -4415.9 1000
482 40.3398 -124.971 -3532.72 2000
483 40.3498 -124.97 -4415.9 1000
484 40.3514 -124.965 -5299.08 1000
485 40.3414 -124.965 -4415.9 2000
486 40.3514 -124.965 -5299.08 1000
487 40.353 -124.96 -6182.26 1000
488 40.343 -124.96 -5299.08 2000
489 40.353 -124.96 -6182.26 1000
490 40.3546 -124.955 -7065.44 1000
491 40.3447 -124.955 -6182.26 2000
492 40.3546 -124.955 -7065.44 1000
493 40.3562 -124.95 -7948.62 1000
494 40.3463 -124.95 -7065.44 2000
495 40.3562 -124.95 -7948.62 1000
496 40.3578 -124.944 -8831.8 1000
497 40.3479 -124.945 -7948.62 2000
498 40.3578 -124.944 -8831.8 1000
499 40.3594 -124.939 -9714.98 1000
500 40.3495 -124.94 -8831.8 2000
501 40.3594 -124.939 -9714.98 1000
502 40.361 -124.934 -10598.2 1000
503 40.3511 -124.935 -9714.98 2000
504 40.3334 -124.991 0 2000
505 40.335 -124.986 -883.18 2000
506 40.325 -124.987 0 3000
507 40.335 -124.986 -883.18 2000
508 40.3366 -124.981 -1766.36 2000
509 40.3266 -124.981 -883.18 3000
510 40.3366 -124.981 -1766.36 2000
511 40.3382 -124.976 -2649.54 2000
512 40.3283 -124.976 -1766.36 3000
513 40.3382 -124.976 -2649.54 2000
514 40.3398 -124.971 -3532.72 2000
515 40.3299 -124.971 -2649.54 3000
516 40.3398 -124.971 -3532.72 2000
517 40.3414 -124.965 -4415.9 2000
518 40.3315 -124.966 -3532.72 3000
519 40.3414 -124.965 -4415.9 2000
520 40.343 -124.96 -5299.08 2000
521 40.3331 -124.961 -4415.9 3000
522 40.343 -124.96 -5299.08 2000
523 40.3447 -124.955 -6182.26 2000
524 40.3347 -124.956 -5299.08 3000
525 40.3447 -124.955 -6182.26 2000
526 40.3463 -124.95 -7065.44 2000
527 40.3363 -124.951 -6182.26 3000
528 40.3463 -124.95 -7065.44 2000
529 40.3479 -124.945 -7948.62 2000
530 40.3379 -124.946 -7065.44 3000
531 40.3479 -124.945 -7948.62 2000
532 40.3495 -124.94 -8831.8 2000
533 40.3396 -124.941 -7948.62 3000
534 40.3495 -124.94 -8831.8 2000
535 40.3511 -124.935 -9714.98 2000
536 40.3412 -124.935 -8831.8 3000
537 40.3511 -124.935 -9714.98 2000
538 40.3527 -124.93 -10598.2 2000
539 40.3428 -124.93 -9714.98 3000
540 40.325 -124.987 0 3000
541 40.3266 -124.981 -883.18 3000
542 40.3167 -124.982 0 4000
543 40.3266 -124.981 -883.18 3000
544 40.3283 -124.976 -1766.36 3000
545 40.3183 -124.977 -883.18 4000
546 40.3283 -124.976 -1766.36 3000
547 40.3299 -124.971 -2649.54 3000
548 40.3199 -124.972 -1766.36 4000
549 40.3299 -124.971 -2649.54 3000
550 40.3315 -124.966 -3532.72 3000
551 40.3216 -124.967 -2649.54 4000
552 40.3315 -124.966 -3532.72 3000
553 40.3331 -124.961 -4415.9 3000
554 40.3232 -124.962 -3532.72 4000
555 40.3331 -124.961 -4415.9 3000
556 40.3347 -124.956 -5299.08 3000
557 40.3248 -124.957 -4415.9 4000
558 40.3347 -124.956 -5299.08 3000
559 40.3363 -124.951 -6182.26 3000
560 40.3264 -124.951 -5299.08 4000
561 40.3363 -124.951 -6182.26 3000
562 40.3379 -124.946 -7065.44 3000
563 40.328 -124.946 -6182.26 4000
564 40.3379 -124.946 -7065.44 3000
565 40.3396 -124.941 -7948.62 3000
566 40.3296 -124.941 -7065.44 4000
567 40.3396 -124.941 -7948.62 3000
568 40.3412 -124.935 -8831.8 3000
569 40.3312 -124.936 -7948.62 4000
570 40.3412 -124.935 -8831.8 3000
571 40.3428 -124.93 -9714.98 3000
572 40.3328 -124.931 -8831.8 4000
573 40.3428 -124.93 -9714.98 3000
574 40.3444 -124.925 -10598.2 3000
575 40.3345 -124.926 -9714.98 4000
576 40.3167 -124.982 0 4000
577 40.3183 -124.977 -883.18 4000
578 40.3084 -124.978 0 5000
579 40.3183 -124.977 -883.18 4000
580 40.3199 -124.972 -1766.36 4000
581 40.31 -124.972 -883.18 5000
582 40.3199 -124.972 -1766.36 4000
583 40.3216 -124.967 -2649.54 4000
584 40.3116 -124.967 -1766.36 5000
585 40.3216 -124.967 -2649.54 4000
586 40.3232 -124.962 -3532.72 4000
587 40.3132 -124.962 -2649.54 5000
588 40.3232 -124.962 -3532.72 4000
589 40.3248 -124.957 -4415.9 4000
590 40.3148 -124.957 -3532.72 5000
591 40.3248 -124.957 -4415.9 4000
592 40.3264 -124.951 -5299.08 4000
593 40.3165 -124.952 -4415.9 5000
594 40.3264 -124.951 -5299.08 4000
595 40.328 -124.946 -6182.26 4000
596 40.3181 -124.947 -5299.08 5000
597 40.328 -124.946 -6182.26 4000
598 40.3296 -124.941 -7065.44 4000
599 40.3197 -124.942 -6182.26 5000
600 40.3296 -124.941 -7065.44 4000
601 40.3312 -124.936 -7948.62 4000
602 40.3213 -124.937 -7065.44 5000
603 40.3312 -124.936 -7948.62 4000
604 40.3328 -124.931 -8831.8 4000
605 40.3229 -124.932 -7948.62 5000
606 40.3328 -124.931 -8831.8 4000
607 40.3345 -124.926 -9714.98 4000
608 40.3245 -124.927 -8831.8 5000
609 40.3345 -124.926 -9714.98 4000
610 40.3361 -124.921 -10598.2 4000
611 40.3261 -124.921 -9714.98 5000
612 40.3084 -124.978 0 5000
613 40.31 -124.972 -883.18 5000
614 40.3001 -124.973 0 6000
615 40.31 -124.972 -883.18 5000
616 40.3116 -124.967 -1766.36 5000
617 40.3017 -124.968 -883.18 6000
618 40.3116 -124.967 -1766.36 5000
619 40.3132 -124.962 -2649.54 5000
620 40.3033 -124.963 -1766.36 6000
621 40.3132 -124.962 -2649.54 5000
622 40.3148 -124.957 -3532.72 5000
623 40.3049 -124.958 -2649.54 6000
624 40.3148 -124.957 -3532.72 5000
625 40.3165 -124.952 -4415.9 5000
626 40.3065 -124.953 -3532.72 6000
627 40.3165 -124.952 -4415.9 5000
628 40.3181 -124.947 -5299.08 5000
629 40.3081 -124.948 -4415.9 6000
630 40.3181 -124.947 -5299.08 5000
631 40.3197 -124.942 -6182.26 5000
632 40.3097 -124.942 -5299.08 6000
633 40.3197 -124.942 -6182.26 5000
634 40.3213 -124.937 -7065.44 5000
635 40.3114 -124.937 -6182.26 6000
636 40.3213 -124.937 -7065.44 5000
637 40.3229 -124.932 -7948.62 5000
638 40.313 -124.932 -7065.44 6000
639 40.3229 -124.932 -7948.62 5000
640 40.3245 -124.927 -8831.8 5000
641 40.3146 -124.927 -7948.62 6000
642 40.3245 -124.927 -8831.8 5000
643 40.3261 -124.921 -9714.98 5000
644 40.3162 -124.922 -8831.8 6000
645 40.3261 -124.921 -9714.98 5000
646 40.3277 -124.916 -10598.2 5000
647 40.3178 -124.917 -9714.98 6000
648 40.3001 -124.973 0 6000
649 40.3017 -124.968 -883.18 6000
650 40.2917 -124.969 0 7000
651 40.3017 -124.968 -883.18 6000
652 40.3033 -124.963 -1766.36 6000
653 40.2934 -124.963 -883.18 7000
654 40.3033 -124.963 -1766.36 6000
655 40.3049 -124.958 -2649.54 6000
656 40.295 -124.958 -1766.36 7000
657 40.3049 -124.958 -2649.54 6000
658 40.3065 -124.953 -3532.72 6000
659 40.2966 -124.953 -2649.54 7000
660 40.3065 -124.953 -3532.72 6000
661 40.3081 -124.948 -4415.9 6000
662 40.2982 -124.948 -3532.72 7000
663 40.3081 -124.948 -4415.9 6000
664 40.3097 -124.942 -5299.08 6000
665 40.2998 -124.943 -4415.9 7000
666 40.3097 -124.942 -5299.08 6000
667 40.3114 -124.937 -6182.26 6000
668 40.3014 -124.938 -5299.08 7000
669 40.3114 -124.937 -6182.26 6000
670 40.313 -124.932 -7065.44 6000
671 40.303 -124.933 -6182.26 7000
672 40.313 -124.932 -7065.44 6000
673 40.3146 -124.927 -7948.62 6000
674 40.3046 -124.928 -7065.44 7000
675 40.3146 -124.927 -7948.62 6000
676 40.3162 -124.922 -8831.8 6000
677 40.3063 -124.923 -7948.62 7000
678 40.3162 -124.922 -8831.8 6000
679 40.3178 -124.917 -9714.98 6000
680 40.3079 -124.918 -8831.8 7000
681 40.3178 -124.917 -9714.98 6000
682 40.3194 -124.912 -10598.2 6000
683 40.3095 -124.912 -9714.98 7000
684 40.2917 -124.969 0 7000
685 40.2934 -124.963 -883.18 7000
686 40.2834 -124.964 0 8000
687 40.2934 -124.963 -883.18 7000
688 40.295 -124.958 -1766.36 7000
689 40.285 -124.959 -883.18 8000
690 40.295 -124.958 -1766.36 7000
691 40.2966 -124.953 -2649.54 7000
692 40.2866 -124.954 -1766.36 8000
693 40.2966 -124.953 -2649.54 7000
694 40.2982 -124.948 -3532.72 7000
695 40.2883 -124.949 -2649.54 8000
696 40.2982 -124.948 -3532.72 7000
697 40.2998 -124.943 -4415.9 7000
698 40.2899 -124.944 -3532.72 8000
699 40.2998 -124.943 -4415.9 7000
700 40.3014 -124.938 -5299.08 7000
701 40.2915 -124.939 -4415.9 8000
702 40.3014 -124.938 -5299.08 7000
703 40.303 -124.933 -6182.26 7000
704 40.2931 -124.933 -5299.08 8000
705 40.303 -124.933 -6182.26 7000
706 40.3046 -124.928 -7065.44 7000
707 40.2947 -124.928 -6182.26 8000
708 40.3046 -124.928 -7065.44 7000
709 40.3063 -124.923 -7948.62 7000
710 40.2963 -124.923 -7065.44 8000
711 40.3063 -124.923 -7948.62 7000
712 40.3079 -124.918 -8831.8 7000
713 40.2979 -124.918 -7948.62 8000
714 40.3079 -124.918 -8831.8 7000
715 40.3095 -124.912 -9714.98 7000
716 40.2995 -124.913 -8831.8 8000
717 40.3095 -124.912 -9714.98 7000
718 40.3111 -124.907 -10598.2 7000
719 40.3012 -124.908 -9714.98 8000
720 40.2834 -124.964 0 8000
721 40.285 -124.959 -883.18 8000
722 40.2751 -124.96 0 9000
723 40.285 -124.959 -883.18 8000
724 40.2866 -124.954 -1766.36 8000
725 40.2767 -124.954 -883.18 9000
726 40.2866 -124.954 -1766.36 8000
727 40.2883 -124.949 -2649.54 8000
728 40.2783 -124.949 -1766.36 9000
729 40.2883 -124.949 -2649.54 8000
730 40.2899 -124.944 -3532.72 8000
731 40.2799 -124.944 -2649.54 9000
732 40.2899 -124.944 -3532.72 8000
733 40.2915 -124.939 -4415.9 8000
734 40.2816 -124.939 -3532.72 9000
735 40.2915 -124.939 -4415.9 8000
736 40.2931 -124.933 -5299.08 8000
737 40.2832 -124.934 -4415.9 9000
738 40.2931 -124.933 -5299.08 8000
739 40.2947 -124.928 -6182.26 8000
740 40.2848 -124.929 -5299.08 9000
741 40.2947 -124.928 -6182.26 8000
742 40.2963 -124.923 -7065.44 8000
743 40.2864 -124.924 -6182.26 9000
744 40.2963 -124.923 -7065.44 8000
745 40.2979 -124.918 -7948.62 8000
746 40.288 -124.919 -7065.44 9000
747 40.2979 -124.918 -7948.62 8000
748 40.2995 -124.913 -8831.8 8000
749 40.2896 -124.914 -7948.62 9000
750 40.2995 -124.913 -8831.8 8000
751 40.3012 -124.908 -9714.98 8000
752 40.2912 -124.909 -8831.8 9000
753 40.3012 -124.908 -9714.98 8000
754 40.3028 -124.903 -10598.2 8000
755 40.2928 -124.903 -9714.98 9000
756 40.2751 -124.96 0 9000
757 40.2767 -124.954 -883.18 9000
758 40.2668 -124.955 0 10000
759 40.2767 -124.954 -883.18 9000
760 40.2783 -124.949 -1766.36 9000
761 40.2684 -124.95 -883.18 10000
762 40.2783 -124.949 -1766.36 9000
763 40.2799 -124.944 -2649.54 9000
764 40.27 -124.945 -1766.36 10000
765 40.2799 -124.944 -2649.54 9000
766 40.2816 -124.939 -3532.72 9000
767 40.2716 -124.94 -2649.54 10000
768 40.2816 -124.939 -3532.72 9000
769 40.2832 -124.934 -4415.9 9000
770 40.2732 -124.935 -3532.72 10000
771 40.2832 -124.934 -4415.9 9000
772 40.2848 -124.929 -5299.08 9000
773 40.2748 -124.93 -4415.9 10000
774 40.2848 -124.929 -5299.08 9000
775 40.2864 -124.924 -6182.26 9000
776 40.2765 -124.924 -5299.08 10000
777 40.2864 -124.924 -6182.26 9000
778 40.288 -124.919 -7065.44 9000
779 40.2781 -124.919 -6182.26 10000
780 40.288 -124.919 -7065.44 9000
781 40.2896 -124.914 -7948.62 9000
782 40.2797 -124.914 -7065.44 10000
783 40.2896 -124.914 -7948.62 9000
784 40.2912 -124.909 -8831.8 9000
785 40.2813 -124.909 -7948.62 10000
786 40.2912 -124.909 -8831.8 9000
787 40.2928 -124.903 -9714.98 9000
788 40.2829 -124.904 -8831.8 10000
789 40.2928 -124.903 -9714.98 9000
790 40.2944 -124.898 -10598.2 9000
791 40.2845 -124.899 -9714.98 10000
792 40.2668 -124.955 0 10000
793 40.2684 -124.95 -883.18 10000
794 40.2585 -124.951 0 11000
795 40.2684 -124.95 -883.18 10000
796 40.27 -124.945 -1766.36 10000
797 40.2601 -124.945 -883.18 11000
798 40.27 -124.945 -1766.36 10000
799 40.2716 -124.94 -2649.54 10000
800 40.2617 -124.94 -1766.36 11000
801 40.2716 -124.94 -2649.54 10000
802 40.2732 -124.935 -3532.72 10000
803 40.2633 -124.935 -2649.54 11000
804 40.2732 -124.935 -3532.72 10000
805 40.2748 -124.93 -4415.9 10000
806 40.2649 -124.93 -3532.72 11000
807 40.2748 -124.93 -4415.9 10000
808 40.2765 -124.924 -5299.08 10000
809 40.2665 -124.925 -4415.9 11000
810 40.2765 -124.924 -5299.08 10000
811 40.2781 -124.919 -6182.26 10000
812 40.2681 -124.92 -5299.08 11000
813 40.2781 -124.919 -6182.26 10000
814 40.2797 -124.914 -7065.44 10000
815 40.2697 -124.915 -6182.26 11000
816 40.2797 -124.914 -7065.44 10000
817 40.2813 -124.909 -7948.62 10000
818 40.2714 -124.91 -7065.44 11000
819 40.2813 -124.909 -7948.62 10000
820 40.2829 -124.904 -8831.8 10000
821 40.273 -124.905 -7948.62 11000
822 40.2829 -124.904 -8831.8 10000
823 40.2845 -124.899 -9714.98 10000
824 40.2746 -124.9 -8831.8 11000
825 40.2845 -124.899 -9714.98 10000
826 40.2861 -124.894 -10598.2 10000
827 40.2762 -124.894 -9714.98 11000
828 40.2585 -124.951 0 11000
829 40.2601 -124.945 -883.18 11000
830 40.2501 -124.946 0 12000
831 40.2601 -124.945 -883.18 11000
832 40.2617 -124.94 -1766.36 11000
833 40.2517 -124.941 -883.18 12000
834 40.2617 -124.94 -1766.36 11000
835 40.2633 -124.935 -2649.54 11000
836 40.2534 -124.936 -1766.36 12000
837 40.2633 -124.935 -2649.54 11000
838 40.2649 -124.93 -3532.72 11000
839 40.255 -124.931 -2649.54 12000
840 40.2649 -124.93 -3532.72 11000
841 40.2665 -124.925 -4415.9 11000
842 40.2566 -124.926 -3532.72 12000
843 40.2665 -124.925 -4415.9 11000
844 40.2681 -124.92 -5299.08 11000
845 40.2582 -124.921 -4415.9 12000
846 40.2681 -124.92 -5299.08 11000
847 40.2697 -124.915 -6182.26 11000
848 40.2598 -124.915 -5299.08 12000
849 40.2697 -124.915 -6182.26 11000
850 40.2714 -124.91 -7065.44 11000
851 40.2614 -124.91 -6182.26 12000
852 40.2714 -124.91 -7065.44 11000
853 40.273 -124.905 -7948.62 11000
854 40.263 -124.905 -7065.44 12000
855 40.273 -124.905 -7948.62 11000
856 40.2746 -124.9 -8831.8 11000
857 40.2646 -124.9 -7948.62 12000
858 40.2746 -124.9 -8831.8 11000
859 40.2762 -124.894 -9714.98 11000
860 40.2662 -124.895 -8831.8 12000
861 40.2762 -124.894 -9714.98 11000
862 40.2778 -124.889 -10598.2 11000
863 40.2679 -124.89 -9714.98 12000
864 40.42 -125.1 0 0
865 40.4275 -125.098 -530.34 0
866 40.4182 -125.088 0 1000
867 40.4275 -125.098 -530.34 0
868 40.435 -125.096 -1060.68 0
869 40.4257 -125.086 -530.34 1000
870 40.435 -125.096 -1060.68 0
871 40.4424 -125.094 -1591.02 0
872 40.4332 -125.084 -1060.68 1000
873 40.4424 -125.094 -1591.02 0
874 40.4499 -125.092 -2121.36 0
875 40.4406 -125.082 -1591.02 1000
876 40.4499 -125.092 -2121.36 0
877 40.4574 -125.09 -2651.7 0
878 40.4481 -125.08 -2121.36 1000
879 40.4574 -125.09 -2651.7 0
880 40.4649 -125.088 -3182.04 0
881 40.4556 -125.078 -2651.7 1000
882 40.4649 -125.088 -3182.04 0
883 40.4724 -125.086 -3712.38 0
884 40.4631 -125.076 -3182.04 1000
885 40.4724 -125.086 -3712.38 0
886 40.4798 -125.084 -4242.72 0
887 40.4706 -125.074 -3712.38 1000
888 40.4798 -125.084 -4242.72 0
889 40.4873 -125.082 -4773.06 0
890 40.478 -125.072 -4242.72 1000
891 40.4873 -125.082 -4773.06 0
892 40.4948 -125.08 -5303.4 0
893 40.4855 -125.07 -4773.06 1000
894 40.4948 -125.08 -5303.4 0
895 40.5023 -125.078 -5833.74 0
896 40.493 -125.068 -5303.4 1000
897 40.5023 -125.078 -5833.74 0
898 40.5098 -125.076 -6364.07 0
899 40.5005 -125.066 -5833.74 1000
900 40.4182 -125.088 0 1000
901 40.4257 -125.086 -530.34 1000
902 40.4164 -125.077 0 2000
903 40.4257 -125.086 -530.34 1000
904 40.4332 -125.084 -1060.68 1000
905 40.4239 -125.075 -530.34 2000
906 40.4332 -125.084 -1060.68 1000
907 40.4406 -125.082 -1591.02 1000
908 40.4313 -125.073 -1060.68 2000
909 40.4406 -125.082 -1591.02 1000
910 40.4481 -125.08 -2121.36 1000
911 40.4388 -125.071 -1591.02 2000
912 40.4481 -125.08 -2121.36 1000
913 40.4556 -125.078 -2651.7 1000
914 40.4463 -125.069 -2121.36 2000
915 40.4556 -125.078 -2651.7 1000
916 40.4631 -125.076 -3182.04 1000
917 40.4538 -125.067 -2651.7 2000
918 40.4631 -125.076 -3182.04 1000
919 40.4706 -125.074 -3712.38 1000
920 40.4613 -125.065 -3182.04 2000
921 40.4706 -125.074 -3712.38 1000
922 40.478 -125.072 -4242.72 1000
923 40.4687 -125.063 -3712.38 2000
924 40.478 -125.072 -4242.72 1000
925 40.4855 -125.07 -4773.06 1000
926 40.4762 -125.061 -4242.72 2000
927 40.4855 -125.07 -4773.06 1000
928 40.493 -125.068 -5303.4 1000
929 40.4837 -125.059 -4773.06 2000
930 40.493 -125.068 -5303.4 1000
931 40.5005 -125.066 -5833.74 1000
932 40.4912 -125.057 -5303.4 2000
933 40.5005 -125.066 -5833.74 1000
934 40.5079 -125.064 -6364.07 1000
935 40.4987 -125.055 -5833.74 2000
936 40.4164 -125.077 0 2000
937 40.4239 -125.075 -530.34 2000
938 40.4146 -125.065 0 3000
939 40.4239 -125.075 -530.34 2000
940 40.4313 -125.073 -1060.68 2000
941 40.4221 -125.063 -530.34 3000
942 40.4313 -125.073 -1060.68 2000
943 40.4388 -125.071 -1591.02 2000
944 40.4295 -125.061 -1060.68 3000
945 40.4388 -125.071 -1591.02 2000
946 40.4463 -125.069 -2121.36 2000
947 40.437 -125.059 -1591.02 3000
948 40.4463 -125.069 -2121.36 2000
949 40.4538 -125.067 -2651.7 2000
950 40.4445 -125.057 -2121.36 3000
951 40.4538 -125.067 -2651.7 2000
952 40.4613 -125.065 -3182.04 2000
953 40.452 -125.055 -2651.7 3000
954 40.4613 -125.065 -3182.04 2000
955 40.4687 -125.063 -3712.38 2000
956 40.4595 -125.053 -3182.04 3000
957 40.4687 -125.063 -3712.38 2000
958 40.4762 -125.061 -4242.72 2000
959 40.4669 -125.051 -3712.38 3000
960 40.4762 -125.061 -4242.72 2000
961 40.4837 -125.059 -4773.06 2000
962 40.4744 -125.049 -4242.72 3000
963 40.4837 -125.059 -4773.06 2000
964 40.4912 -125.057 -5303.4 2000
965 40.4819 -125.047 -4773.06 3000
966 40.4912 -125.057 -5303.4 2000
967 40.4987 -125.055 -5833.74 2000
968 40.4894 -125.045 -5303.4 3000
969 40.4987 -125.055 -5833.74 2000
970 40.5061 -125.053 -6364.07 2000
971 40.4969 -125.043 -5833.74 3000
972 40.4146 -125.065 0 3000
973 40.4221 -125.063 -530.34 3000
974 40.4128 -125.054 0 4000
975 40.4221 -125.063 -530.34 3000
976 40.4295 -125.061 -1060.68 3000
977 40.4202 -125.052 -530.34 4000
978 40.4295 -125.061 -1060.68 3000
979 40.437 -125.059 -1591.02 3000
980 40.4277 -125.05 -1060.68 4000
981 40.437 -125.059 -1591.02 3000
982 40.4445 -125.057 -2121.36 3000
983 40.4352 -125.048 -1591.02 4000
984 40.4445 -125.057 -2121.36 3000
985 40.452 -125.055 -2651.7 3000
986 40.4427 -125.046 -2121.36 4000
987 40.452 -125.055 -2651.7 3000
988 40.4595 -125.053 -3182.04 3000
989 40.4502 -125.044 -2651.7 4000
990 40.4595 -125.053 -3182.04 3000
991 40.4669 -125.051 -3712.38 3000
992 40.4576 -125.042 -3182.04 4000
993 40.4669 -125.051 -3712.38 3000
994 40.4744 -125.049 -4242.72 3000
995 40.4651 -125.04 -3712.38 4000
996 40.4744 -125.049 -4242.72 3000
997 40.4819 -125.047 -4773.06 3000
998 40.4726 -125.038 -4242.72 4000
999 40.4819 -125.047 -4773.06 3000
1000 40.4894 -125.045 -5303.4 3000
1001 40.4801 -125.036 -4773.06 4000
1002 40.4894 -125.045 -5303.4 3000
1003 40.4969 -125.043 -5833.74 3000
1004 40.4876 -125.034 -5303.4 4000
1005 40.4969 -125.043 -5833.74 3000
1006 40.5043 -125.041 -6364.07 3000
1007 40.495 -125.032 -5833.74 4000
1008 40.4128 -125.054 0 4000
1009 40.4202 -125.052 -530.34 4000
1010 40.411 -125.042 0 5000
1011 40.4202 -125.052 -530.34 4000
1012 40.4277 -125.05 -1060.68 4000
1013 40.4184 -125.04 -530.34 5000
1014 40.4277 -125.05 -1060.68 4000
1015 40.4352 -125.048 -1591.02 4000
1016 40.4259 -125.038 -1060.68 5000
1017 40.4352 -125.048 -1591.02 4000
1018 40.4427 -125.046 -2121.36 4000
1019 40.4334 -125.036 -1591.02 5000
1020 40.4427 -125.046 -2121.36 4000
1021 40.4502 -125.044 -2651.7 4000
1022 40.4409 -125.034 -2121.36 5000
1023 40.4502 -125.044 -2651.7 4000
1024 40.4576 -125.042 -3182.04 4000
1025 40.4484 -125.032 -2651.7 5000
1026 40.4576 -125.042 -3182.04 4000
1027 40.4651 -125.04 -3712.38 4000
1028 40.4558 -125.03 -3182.04 5000
1029 40.4651 -125.04 -3712.38 4000
1030 40.4726 -125.038 -4242.72 4000
1031 40.4633 -125.028 -3712.38 5000
1032 40.4726 -125.038 -4242.72 4000
1033 40.4801 -125.036 -4773.06 4000
1034 40.4708 -125.026 -4242.72 5000
1035 40.4801 -125.036 -4773.06 4000
1036 40.4876 -125.034 -5303.4 4000
1037 40.4783 -125.024 -4773.06 5000
1038 40.4876 -125.034 -5303.4 4000
1039 40.495 -125.032 -5833.74 4000
1040 40.4858 -125.022 -5303.4 5000
1041 40.495 -125.032 -5833.74 4000
1042 40.5025 -125.03 -6364.07 4000
1043 40.4932 -125.02 -5833.74 5000
1044 40.411 -125.042 0 5000
1045 40.4184 -125.04 -530.34 5000
1046 40.4092 -125.031 0 6000
1047 40.4184 -125.04 -530.34 5000
1048 40.4259 -125.038 -1060.68 5000
1049 40.4166 -125.029 -530.34 6000
1050 40.4259 -125.038 -1060.68 5000
1051 40.4334 -125.036 -1591.02 5000
1052 40.4241 -125.027 -1060.68 6000
1053 40.4334 -125.036 -1591.02 5000
1054 40.4409 -125.034 -2121.36 5000
1055 40.4316 -125.025 -1591.02 6000
1056 40.4409 -125.034 -2121.36 5000
1057 40.4484 -125.032 -2651.7 5000
1058 40.4391 -125.023 -2121.36 6000
1059 40.4484 -125.032 -2651.7 5000
1060 40.4558 -125.03 -3182.04 5000
1061 40.4465 -125.021 -2651.7 6000
1062 40.4558 -125.03 -3182.04 5000
1063 40.4633 -125.028 -3712.38 5000
1064 40.454 -125.019 -3182.04 6000
1065 40.4633 -125.028 -3712.38 5000
1066 40.4708 -125.026 -4242.72 5000
1067 40.4615 -125.017 -3712.38 6000
1068 40.4708 -125.026 -4242.72 5000
1069 40.4783 -125.024 -4773.06 5000
1070 40.469 -125.015 -4242.72 6000
1071 40.4783 -125.024 -4773.06 5000
1072 40.4858 -125.022 -5303.4 5000
1073 40.4765 -125.013 -4773.06 6000
1074 40.4858 -125.022 -5303.4 5000
1075 40.4932 -125.02 -5833.74 5000
1076 40.4839 -125.011 -5303.4 6000
1077 40.4932 -125.02 -5833.74 5000
1078 40.5007 -125.018 -6364.07 5000
1079 40.4914 -125.009 -5833.74 6000
1080 40.4092 -125.031 0 6000
1081 40.4166 -125.029 -530.34 6000
1082 40.4073 -125.019 0 7000
1083 40.4166 -125.029 -530.34 6000
1084 40.4241 -125.027 -1060.68 6000
1085 40.4148 -125.017 -530.34 7000
1086 40.4241 -125.027 -1060.68 6000
1087 40.4316 -125.025 -1591.02 6000
1088 40.4223 -125.015 -1060.68 7000
1089 40.4316 -125.025 -1591.02 6000
1090 40.4391 -125.023 -2121.36 6000
1091 40.4298 -125.013 -1591.02 7000
1092 40.4391 -125.023 -2121.36 6000
1093 40.4465 -125.021 -2651.7 6000
1094 40.4373 -125.011 -2121.36 7000
1095 40.4465 -125.021 -2651.7 6000
1096 40.454 -125.019 -3182.04 6000
1097 40.4447 -125.009 -2651.7 7000
1098 40.454 -125.019 -3182.04 6000
1099 40.4615 -125.017 -3712.38 6000
1100 40.4522 -125.007 -3182.04 7000
1101 40.4615 -125.017 -3712.38 6000
1102 40.469 -125.015 -4242.72 6000
1103 40.4597 -125.005 -3712.38 7000
1104 40.469 -125.015 -4242.72 6000
1105 40.4765 -125.013 -4773.06 6000
1106 40.4672 -125.003 -4242.72 7000
1107 40.4765 -125.013 -4773.06 6000
1108 40.4839 -125.011 -5303.4 6000
1109 40.4746 -125.001 -4773.06 7000
1110 40.4839 -125.011 -5303.4 6000
1111 40.4914 -125.009 -5833.74 6000
1112 40.4821 -124.999 -5303.4 7000
1113 40.4914 -125.009 -5833.74 6000
1114 40.4989 -125.007 -6364.07 6000
1115 40.4896 -124.997 -5833.74 7000
1116 40.4073 -125.019 0 7000
1117 40.4148 -125.017 -530.34 7000
1118 40.4055 -125.008 0 8000
1119 40.4148 -125.017 -530.34 7000
1120 40.4223 -125.015 -1060.68 7000
1121 40.413 -125.006 -530.34 8000
1122 40.4223 -125.015 -1060.68 7000
1123 40.4298 -125.013 -1591.02 7000
1124 40.4205 -125.004 -1060.68 8000
1125 40.4298 -125.013 -1591.02 7000
1126 40.4373 -125.011 -2121.36 7000
1127 40.428 -125.002 -1591.02 8000
1128 40.4373 -125.011 -2121.36 7000
1129 40.4447 -125.009 -2651.7 7000
1130 40.4354 -125 -2121.36 8000
1131 40.4447 -125.009 -2651.7 7000
1132 40.4522 -125.007 -3182.04 7000
1133 40.4429 -124.998 -2651.7 8000
1134 40.4522 -125.007 -3182.04 7000
1135 40.4597 -125.005 -3712.38 7000
1136 40.4504 -124.996 -3182.04 8000
1137 40.4597 -125.005 -3712.38 7000
1138 40.4672 -125.003 -4242.72 7000
1139 40.4579 -124.994 -3712.38 8000
1140 40.4672 -125.003 -4242.72 7000
1141 40.4746 -125.001 -4773.06 7000
1142 40.4654 -124.992 -4242.72 8000
1143 40.4746 -125.001 -4773.06 7000
1144 40.4821 -124.999 -5303.4 7000
1145 40.4728 -124.99 -4773.06 8000
1146 40.4821 -124.999 -5303.4 7000
1147 40.4896 -124.997 -5833.74 7000
1148 40.4803 -124.988 -5303.4 8000
1149 40.4896 -124.997 -5833.74 7000
1150 40.4971 -124.995 -6364.07 7000
1151 40.4878 -124.986 -5833.74 8000
1152 40.4055 -125.008 0 8000
1153 40.413 -125.006 -530.34 8000
1154 40.4037 -124.996 0 9000
1155 40.413 -125.006 -530.34 8000
1156 40.4205 -125.004 -1060.68 8000
1157 40.4112 -124.994 -530.34 9000
1158 40.4205 -125.004 -1060.68 8000
1159 40.428 -125.002 -1591.02 8000
1160 40.4187 -124.992 -1060.68 9000
1161 40.428 -125.002 -1591.02 8000
1162 40.4354 -125 -2121.36 8000
1163 40.4261 -124.99 -1591.02 9000
1164 40.4354 -125 -2121.36 8000
1165 40.4429 -124.998 -2651.7 8000
1166 40.4336 -124.988 -2121.36 9000
1167 40.4429 -124.998 -2651.7 8000
1168 40.4504 -124.996 -3182.04 8000
1169 40.4411 -124.986 -2651.7 9000
1170 40.4504 -124.996 -3182.04 8000
1171 40.4579 -124.994 -3712.38 8000
1172 40.4486 -124.984 -3182.04 9000
1173 40.4579 -124.994 -3712.38 8000
1174 40.4654 -124.992 -4242.72 8000
1175 40.4561 -124.982 -3712.38 9000
1176 40.4654 -124.992 -4242.72 8000
1177 40.4728 -124.99 -4773.06 8000
1178 40.4635 -124.98 -4242.72 9000
1179 40.4728 -124.99 -4773.06 8000
1180 40.4803 -124.988 -5303.4 8000
1181 40.471 -124.978 -4773.06 9000
1182 40.4803 -124.988 -5303.4 8000
1183 40.4878 -124.986 -5833.74 8000
1184 40.4785 -124.976 -5303.4 9000
1185 40.4878 -124.986 -5833.74 8000
1186 40.4953 -124.984 -6364.07 8000
1187 40.486 -124.974 -5833.74 9000
1188 40.4037 -124.996 0 9000
1189 40.4112 -124.994 -530.34 9000
1190 40.4019 -124.985 0 10000
1191 40.4112 -124.994 -530.34 9000
1192 40.4187 -124.992 -1060.68 9000
1193 40.4094 -124.983 -530.34 10000
1194 40.4187 -124.992 -1060.68 9000
1195 40.4261 -124.99 -1591.02 9000
1196 40.4169 -124.981 -1060.68 10000
1197 40.4261 -124.99 -1591.02 9000
1198 40.4336 -124.988 -2121.36 9000
1199 40.4243 -124.979 -1591.02 10000
1200 40.4336 -124.988 -2121.36 9000
1201 40.4411 -124.986 -2651.7 9000
1202 40.4318 -124.977 -2121.36 10000
1203 40.4411 -124.986 -2651.7 9000
1204 40.4486 -124.984 -3182.04 9000
1205 40.4393 -124.975 -2651.7 10000
1206 40.4486 -124.984 -3182.04 9000
1207 40.4561 -124.982 -3712.38 9000
1208 40.4468 -124.972 -3182.04 10000
1209 40.4561 -124.982 -3712.38 9000
1210 40.4635 -124.98 -4242.72 9000
1211 40.4542 -124.97 -3712.38 10000
1212 40.4635 -124.98 -4242.72 9000
1213 40.471 -124.978 -4773.06 9000
1214 40.4617 -124.968 -4242.72 10000
1215 40.471 -124.978 -4773.06 9000
1216 40.4785 -124.976 -5303.4 9000
1217 40.4692 -124.966 -4773.06 10000
1218 40.4785 -124.976 -5303.4 9000
1219 40.486 -124.974 -5833.74 9000
1220 40.4767 -124.964 -5303.4 10000
1221 40.486 -124.974 -5833.74 9000
1222 40.4935 -124.972 -6364.07 9000
1223 40.4842 -124.962 -5833.74 10000
1224 40.4019 -124.985 0 10000
1225 40.4094 -124.983 -530.34 10000
1226 40.4001 -124.973 0 11000
1227 40.4094 -124.983 -530.34 10000
1228 40.4169 -124.981 -1060.68 10000
1229 40.4076 -124.971 -530.34 11000
1230 40.4169 -124.981 -1060.68 10000
1231 40.4243 -124.979 -1591.02 10000
1232 40.415 -124.969 -1060.68 11000
1233 40.4243 -124.979 -1591.02 10000
1234 40.4318 -124.977 -2121.36 10000
1235 40.4225 -124.967 -1591.02 11000
1236 40.4318 -124.977 -2121.36 10000
1237 40.4393 -124.975 -2651.7 10000
1238 40.43 -124.965 -2121.36 11000
1239 40.4393 -124.975 -2651.7 10000
1240 40.4468 -124.972 -3182.04 10000
1241 40.4375 -124.963 -2651.7 11000
1242 40.4468 -124.972 -3182.04 10000
1243 40.4542 -124.97 -3712.38 10000
1244 40.445 -124.961 -3182.04 11000
1245 40.4542 -124.97 -3712.38 10000
1246 40.4617 -124.968 -4242.72 10000
1247 40.4524 -124.959 -3712.38 11000
1248 40.4617 -124.968 -4242.72 10000
1249 40.4692 -124.966 -4773.06 10000
1250 40.4599 -124.957 -4242.72 11000
1251 40.4692 -124.966 -4773.06 10000
1252 40.4767 -124.964 -5303.4 10000
1253 40.4674 -124.955 -4773.06 11000
1254 40.4767 -124.964 -5303.4 10000
1255 40.4842 -124.962 -5833.74 10000
1256 40.4749 -124.953 -5303.4 11000
1257 40.4842 -124.962 -5833.74 10000
1258 40.4916 -124.96 -6364.07 10000
1259 40.4823 -124.951 -5833.74 11000
1260 40.4001 -124.973 0 11000
1261 40.4076 -124.971 -530.34 11000
1262 40.3983 -124.962 0 12000
1263 40.4076 -124.971 -530.34 11000
1264 40.415 -124.969 -1060.68 11000
1265 40.4057 -124.959 -530.34 12000
1266 40.415 -124.969 -1060.68 11000
1267 40.4225 -124.967 -1591.02 11000
1268 40.4132 -124.957 -1060.68 12000
1269 40.4225 -124.967 -1591.02 11000
1270 40.43 -124.965 -2121.36 11000
1271 40.4207 -124.955 -1591.02 12000
1272 40.43 -124.965 -2121.36 11000
1273 40.4375 -124.963 -2651.7 11000
1274 40.4282 -124.953 -2121.36 12000
1275 40.4375 -124.963 -2651.7 11000
1276 40.445 -124.961 -3182.04 11000
1277 40.4357 -124.951 -2651.7 12000
1278 40.445 -124.961 -3182.04 11000
1279 40.4524 -124.959 -3712.38 11000
1280 40.4431 -124.949 -3182.04 12000
1281 40.4524 -124.959 -3712.38 11000
1282 40.4599 -124.957 -4242.72 11000
1283 40.4506 -124.947 -3712.38 12000
1284 40.4599 -124.957 -4242.72 11000
1285 40.4674 -124.955 -4773.06 11000
1286 40.4581 -124.945 -4242.72 12000
1287 40.4674 -124.955 -4773.06 11000
1288 40.4749 -124.953 -5303.4 11000
1289 40.4656 -124.943 -4773.06 12000
1290 40.4749 -124.953 -5303.4 11000
1291 40.4823 -124.951 -5833.74 11000
1292 40.473 -124.941 -5303.4 12000
1293 40.4823 -124.951 -5833.74 11000
1294 40.4898 -124.949 -6364.07 11000
1295 40.4805 -124.939 -5833.74 12000
1296 40.3983 -124.962 0 12000
1297 40.4057 -124.959 -530.34 12000
1298 40.3964 -124.95 0 13000
1299 40.4057 -124.959 -530.34 12000
1300 40.4132 -124.957 -1060.68 12000
1301 40.4039 -124.948 -530.34 13000
1302 40.4132 -124.957 -1060.68 12000
1303 40.4207 -124.955 -1591.02 12000
1304 40.4114 -124.946 -1060.68 13000
1305 40.4207 -124.955 -1591.02 12000
1306 40.4282 -124.953 -2121.36 12000
1307 40.4189 -124.944 -1591.02 13000
1308 40.4282 -124.953 -2121.36 12000
1309 40.4357 -124.951 -2651.7 12000
1310 40.4264 -124.942 -2121.36 13000
1311 40.4357 -124.951 -2651.7 12000
1312 40.4431 -124.949 -3182.04 12000
1313 40.4338 -124.94 -2651.7 13000
1314 40.4431 -124.949 -3182.04 12000
1315 40.4506 -124.947 -3712.38 12000
1316 40.4413 -124.938 -3182.04 13000
1317 40.4506 -124.947 -3712.38 12000
1318 40.4581 -124.945 -4242.72 12000
1319 40.4488 -124.936 -3712.38 13000
1320 40.4581 -124.945 -4242.72 12000
1321 40.4656 -124.943 -4773.06 12000
1322 40.4563 -124.934 -4242.72 13000
1323 40.4656 -124.943 -4773.06 12000
1324 40.473 -124.941 -5303.4 12000
1325 40.4637 -124.932 -4773.06 13000
1326 40.473 -124.941 -5303.4 12000
1327 40.4805 -124.939 -5833.74 12000
1328 40.4712 -124.93 -5303.4 13000
1329 40.4805 -124.939 -5833.74 12000
1330 40.488 -124.937 -6364.07 12000
1331 40.4787 -124.928 -5833.74 13000
1332 40.3964 -124.95 0 13000
1333 40.4039 -124.948 -530.34 13000
1334 40.3946 -124.938 0 14000
1335 40.4039 -124.948 -530.34 13000
1336 40.4114 -124.946 -1060.68 13000
1337 40.4021 -124.936 -530.34 14000
1338 40.4114 -124.946 -1060.68 13000
1339 40.4189 -124.944 -1591.02 13000
1340 40.4096 -124.934 -1060.68 14000
1341 40.4189 -124.944 -1591.02 13000
1342 40.4264 -124.942 -2121.36 13000
1343 40.4171 -124.932 -1591.02 14000
1344 40.4264 -124.942 -2121.36 13000
1345 40.4338 -124.94 -2651.7 13000
1346 40.4245 -124.93 -2121.36 14000
1347 40.4338 -124.94 -2651.7 13000
1348 40.4413 -124.938 -3182.04 13000
1349 40.432 -124.928 -2651.7 14000
1350 40.4413 -124.938 -3182.04 13000
1351 40.4488 -124.936 -3712.38 13000
1352 40.4395 -124.926 -3182.04 14000
1353 40.4488 -124.936 -3712.38 13000
1354 40.4563 -124.934 -4242.72 13000
1355 40.447 -124.924 -3712.38 14000
1356 40.4563 -124.934 -4242.72 13000
1357 40.4637 -124.932 -4773.06 13000
1358 40.4544 -124.922 -4242.72 14000
1359 40.4637 -124.932 -4773.06 13000
1360 40.4712 -124.93 -5303.4 13000
1361 40.4619 -124.92 -4773.06 14000
1362 40.4712 -124.93 -5303.4 13000
1363 40.4787 -124.928 -5833.74 13000
1364 40.4694 -124.918 -5303.4 14000
1365 40.4787 -124.928 -5833.74 13000
1366 40.4862 -124.926 -6364.07 13000
1367 40.4769 -124.916 -5833.74 14000
1368 40.3946 -124.938 0 14000
1369 40.4021 -124.936 -530.34 14000
1370 40.3928 -124.927 0 15000
1371 40.4021 -124.936 -530.34 14000
1372 40.4096 -124.934 -1060.68 14000
1373 40.4003 -124.925 -530.34 15000
1374 40.4096 -124.934 -1060.68 14000
1375 40.4171 -124.932 -1591.02 14000
1376 40.4078 -124.923 -1060.68 15000
1377 40.4171 -124.932 -1591.02 14000
1378 40.4245 -124.93 -2121.36 14000
1379 40.4152 -124.921 -1591.02 15000
1380 40.4245 -124.93 -2121.36 14000
1381 40.432 -124.928 -2651.7 14000
1382 40.4227 -124.919 -2121.36 15000
1383 40.432 -124.928 -2651.7 14000
1384 40.4395 -124.926 -3182.04 14000
1385 40.4302 -124.917 -2651.7 15000
1386 40.4395 -124.926 -3182.04 14000
1387 40.447 -124.924 -3712.38 14000
1388 40.4377 -124.915 -3182.04 15000
1389 40.447 -124.924 -3712.38 14000
1390 40.4544 -124.922 -4242.72 14000
1391 40.4451 -124.913 -3712.38 15000
1392 40.4544 -124.922 -4242.72 14000
1393 40.4619 -124.92 -4773.06 14000
1394 40.4526 -124.911 -4242.72 15000
1395 40.4619 -124.92 -4773.06 14000
1396 40.4694 -124.918 -5303.4 14000
1397 40.4601 -124.909 -4773.06 15000
1398 40.4694 -124.918 -5303.4 14000
1399 40.4769 -124.916 -5833.74 14000
1400 40.4676 -124.907 -5303.4 15000
1401 40.4769 -124.916 -5833.74 14000
1402 40.4844 -124.914 -6364.07 14000
1403 40.4751 -124.905 -5833.74 15000
1404 40.3928 -124.927 0 15000
1405 40.4003 -124.925 -530.34 15000
1406 40.391 -124.915 0 16000
1407 40.4003 -124.925 -530.34 15000
1408 40.4078 -124.923 -1060.68 15000
1409 40.3985 -124.913 -530.34 16000
1410 40.4078 -124.923 -1060.68 15000
1411 40.4152 -124.921 -1591.02 15000
1412 40.4059 -124.911 -1060.68 16000
1413 40.4152 -124.921 -1591.02 15000
1414 40.4227 -124.919 -2121.36 15000
1415 40.4134 -124.909 -1591.02 16000
1416 40.4227 -124.919 -2121.36 15000
1417 40.4302 -124.917 -2651.7 15000
1418 40.4209 -124.907 -2121.36 16000
1419 40.4302 -124.917 -2651.7 15000
1420 40.4377 -124.915 -3182.04 15000
1421 40.4284 -124.905 -2651.7 16000
1422 40.4377 -124.915 -3182.04 15000
1423 40.4451 -124.913 -3712.38 15000
1424 40.4358 -124.903 -3182.04 16000
1425 40.4451 -124.913 -3712.38 15000
1426 40.4526 -124.911 -4242.72 15000
1427 40.4433 -124.901 -3712.38 16000
1428 40.4526 -124.911 -4242.72 15000
1429 40.4601 -124.909 -4773.06 15000
1430 40.4508 -124.899 -4242.72 16000
1431 40.4601 -124.909 -4773.06 15000
1432 40.4676 -124.907 -5303.4 15000
1433 40.4583 -124.897 -4773.06 16000
1434 40.4676 -124.907 -5303.4 15000
1435 40.4751 -124.905 -5833.74 15000
1436 40.4658 -124.895 -5303.4 16000
1437 40.4751 -124.905 -5833.74 15000
1438 40.4825 -124.903 -6364.07 15000
1439 40.4732 -124.893 -5833.74 16000
1440 40.391 -124.915 0 16000
1441 40.3985 -124.913 -530.34 16000
1442 40.3892 -124.904 0 17000
1443 40.3985 -124.913 -530.34 16000
1444 40.4059 -124.911 -1060.68 16000
1445 40.3966 -124.902 -530.34 17000
1446 40.4059 -124.911 -1060.68 16000
1447 40.4134 -124.909 -1591.02 16000
1448 40.4041 -124.9 -1060.68 17000
1449 40.4134 -124.909 -1591.02 16000
1450 40.4209 -124.907 -2121.36 16000
1451 40.4116 -124.898 -1591.02 17000
1452 40.4209 -124.907 -2121.36 16000
1453 40.4284 -124.905 -2651.7 16000
1454 40.4191 -124.896 -2121.36 17000
1455 40.4284 -124.905 -2651.7 16000
1456 40.4358 -124.903 -3182.04 16000
1457 40.4265 -124.894 -2651.7 17000
1458 40.4358 -124.903 -3182.04 16000
1459 40.4433 -124.901 -3712.38 16000
1460 40.434 -124.892 -3182.04 17000
1461 40.4433 -124.901 -3712.38 16000
1462 40.4508 -124.899 -4242.72 16000
1463 40.4415 -124.89 -3712.38 17000
1464 40.4508 -124.899 -4242.72 16000
1465 40.4583 -124.897 -4773.06 16000
1466 40.449 -124.888 -4242.72 17000
1467 40.4583 -124.897 -4773.06 16000
1468 40.4658 -124.895 -5303.4 16000
1469 40.4565 -124.886 -4773.06 17000
1470 40.4658 -124.895 -5303.4 16000
1471 40.4732 -124.893 -5833.74 16000
1472 40.4639 -124.884 -5303.4 17000
1473 40.4732 -124.893 -5833.74 16000
1474 40.4807 -124.891 -6364.07 16000
1475 40.4714 -124.882 -5833.74 17000
1476 40.3892 -124.904 0 17000
1477 40.3966 -124.902 -530.34 17000
1478 40.3873 -124.892 0 18000
1479 40.3966 -124.902 -530.34 17000
1480 40.4041 -124.9 -1060.68 17000
1481 40.3948 -124.89 -530.34 18000
1482 40.4041 -124.9 -1060.68 17000
1483 40.4116 -124.898 -1591.02 17000
1484 40.4023 -124.888 -1060.68 18000
1485 40.4116 -124.898 -1591.02 17000
1486 40.4191 -124.896 -2121.36 17000
1487 40.4098 -124.886 -1591.02 18000
1488 40.4191 -124.896 -2121.36 17000
1489 40.4265 -124.894 -2651.7 17000
1490 40.4172 -124.884 -2121.36 18000
1491 40.4265 -124.894 -2651.7 17000
1492 40.434 -124.892 -3182.04 17000
1493 40.4247 -124.882 -2651.7 18000
1494 40.434 -124.892 -3182.04 17000
1495 40.4415 -124.89 -3712.38 17000
1496 40.4322 -124.88 -3182.04 18000
1497 40.4415 -124.89 -3712.38 17000
1498 40.449 -124.888 -4242.72 17000
1499 40.4397 -124.878 -3712.38 18000
1500 40.449 -124.888 -4242.72 17000
1501 40.4565 -124.886 -4773.06 17000
1502 40.4471 -124.876 -4242.72 18000
1503 40.4565 -124.886 -4773.06 17000
1504 40.4639 -124.884 -5303.4 17000
1505 40.4546 -124.874 -4773.06 18000
1506 40.4639 -124.884 -5303.4 17000
1507 40.4714 -124.882 -5833.74 17000
1508 40.4621 -124.872 -5303.4 18000
1509 40.4714 -124.882 -5833.74 17000
1510 40.4789 -124.88 -6364.07 17000
1511 40.4696 -124.87 -5833.74 18000
1512 40.3873 -124.892 0 18000
1513 40.3948 -124.89 -530.34 18000
1514 40.3855 -124.881 0 19000
1515 40.3948 -124.89 -530.34 18000
1516 40.4023 -124.888 -1060.68 18000
1517 40.393 -124.879 -530.34 19000
1518 40.4023 -124.888 -1060.68 18000
1519 40.4098 -124.886 -1591.02 18000
1520 40.4005 -124.877 -1060.68 19000
1521 40.4098 -124.886 -1591.02 18000
1522 40.4172 -124.884 -2121.36 18000
1523 40.4079 -124.875 -1591.02 19000
1524 40.4172 -124.884 -2121.36 18000
1525 40.4247 -124.882 -2651.7 18000
1526 40.4154 -124.873 -2121.36 19000
1527 40.4247 -124.882 -2651.7 18000
1528 40.4322 -124.88 -3182.04 18000
1529 40.4229 -124.871 -2651.7 19000
1530 40.4322 -124.88 -3182.04 18000
1531 40.4397 -124.878 -3712.38 18000
1532 40.4304 -124.869 -3182.04 19000
1533 40.4397 -124.878 -3712.38 18000
1534 40.4471 -124.876 -4242.72 18000
1535 40.4378 -124.867 -3712.38 19000
1536 40.4471 -124.876 -4242.72 18000
1537 40.4546 -124.874 -4773.06 18000
1538 40.4453 -124.865 -4242.72 19000
1539 40.4546 -124.874 -4773.06 18000
1540 40.4621 -124.872 -5303.4 18000
1541 40.4528 -124.863 -4773.06 19000
1542 40.4621 -124.872 -5303.4 18000
1543 40.4696 -124.87 -5833.74 18000
1544 40.4603 -124.861 -5303.4 19000
1545 40.4696 -124.87 -5833.74 18000
1546 40.4771 -124.868 -6364.07 18000
1547 40.4677 -124.858 -5833.74 19000
1548 40.3855 -124.881 0 19000
1549 40.393 -124.879 -530.34 19000
1550 40.3837 -124.869 0 20000
1551 40.393 -124.879 -530.34 19000
1552 40.4005 -124.877 -1060.68 19000
1553 40.3912 -124.867 -530.34 20000
1554 40.4005 -124.877 -1060.68 19000
1555 40.4079 -124.875 -1591.02 19000
1556 40.3986 -124.865 -1060.68 20000
1557 40.4079 -124.875 -1591.02 19000
1558 40.4154 -124.873 -2121.36 19000
1559 40.4061 -124.863 -1591.02 20000
1560 40.4154 -124.873 -2121.36 19000
1561 40.4229 -124.871 -2651.7 19000
1562 40.4136 -124.861 -2121.36 20000
1563 40.4229 -124.871 -2651.7 19000
1564 40.4304 -124.869 -3182.04 19000
1565 40.4211 -124.859 -2651.7 20000
1566 40.4304 -124.869 -3182.04 19000
1567 40.4378 -124.867 -3712.38 19000
1568 40.4285 -124.857 -3182.04 20000
1569 40.4378 -124.867 -3712.38 19000
1570 40.4453 -124.865 -4242.72 19000
1571 40.436 -124.855 -3712.38 20000
1572 40.4453 -124.865 -4242.72 19000
1573 40.4528 -124.863 -4773.06 19000
1574 40.4435 -124.853 -4242.72 20000
1575 40.4528 -124.863 -4773.06 19000
1576 40.4603 -124.861 -5303.4 19000
1577 40.451 -124.851 -4773.06 20000
1578 40.4603 -124.861 -5303.4 19000
1579 40.4677 -124.858 -5833.74 19000
1580 40.4584 -124.849 -5303.4 20000
1581 40.4677 -124.858 -5833.74 19000
1582 40.4752 -124.856 -6364.07 19000
1583 40.4659 -124.847 -5833.74 20000
1584 40.3837 -124.869 0 20000
1585 40.3912 -124.867 -530.34 20000
1586 40.3819 -124.858 0 21000
1587 40.3912 -124.867 -530.34 20000
1588 40.3986 -124.865 -1060.68 20000
1589 40.3893 -124.856 -530.34 21000
1590 40.3986 -124.865 -1060.68 20000
1591 40.4061 -124.863 -1591.02 20000
1592 40.3968 -124.854 -1060.68 21000
1593 40.4061 -124.863 -1591.02 20000
1594 40.4136 -124.861 -2121.36 20000
1595 40.4043 -124.852 -1591.02 21000
1596 40.4136 -124.861 -2121.36 20000
1597 40.4211 -124.859 -2651.7 20000
1598 40.4118 -124.85 -2121.36 21000
1599 40.4211 -124.859 -2651.7 20000
1600 40.4285 -124.857 -3182.04 20000
1601 40.4192 -124.848 -2651.7 21000
1602 40.4285 -124.857 -3182.04 20000
1603 40.436 -124.855 -3712.38 20000
1604 40.4267 -124.846 -3182.04 21000
1605 40.436 -124.855 -3712.38 20000
1606 40.4435 -124.853 -4242.72 20000
1607 40.4342 -124.844 -3712.38 21000
1608 40.4435 -124.853 -4242.72 20000
1609 40.451 -124.851 -4773.06 20000
1610 40.4417 -124.841 -4242.72 21000
1611 40.451 -124.851 -4773.06 20000
1612 40.4584 -124.849 -5303.4 20000
1613 40.4491 -124.839 -4773.06 21000
1614 40.4584 -124.849 -5303.4 20000
1615 40.4659 -124.847 -5833.74 20000
1616 40.4566 -124.837 -5303.4 21000
1617 40.4659 -124.847 -5833.74 20000
1618 40.4734 -124.845 -6364.07 20000
1619 40.4641 -124.835 -5833.74 21000
1620 40.3819 -124.858 0 21000
1621 40.3893 -124.856 -530.34 21000
1622 40.38 -124.846 0 22000
1623 40.3893 -124.856 -530.34 21000
1624 40.3968 -124.854 -1060.68 21000
1625 40.3875 -124.844 -530.34 22000
1626 40.3968 -124.854 -1060.68 21000
1627 40.4043 -124.852 -1591.02 21000
1628 40.395 -124.842 -1060.68 22000
1629 40.4043 -124.852 -1591.02 21000
1630 40.4118 -124.85 -2121.36 21000
1631 40.4025 -124.84 -1591.02 22000
1632 40.4118 -124.85 -2121.36 21000
1633 40.4192 -124.848 -2651.7 21000
1634 40.4099 -124.838 -2121.36 22000
1635 40.4192 -124.848 -2651.7 21000
1636 40.4267 -124.846 -3182.04 21000
1637 40.4174 -124.836 -2651.7 22000
1638 40.4267 -124.846 -3182.04 21000
1639 40.4342 -124.844 -3712.38 21000
1640 40.4249 -124.834 -3182.04 22000
1641 40.4342 -124.844 -3712.38 21000
1642 40.4417 -124.841 -4242.72 21000
1643 40.4324 -124.832 -3712.38 22000
1644 40.4417 -124.841 -4242.72 21000
1645 40.4491 -124.839 -4773.06 21000
1646 40.4398 -124.83 -4242.72 22000
1647 40.4491 -124.839 -4773.06 21000
1648 40.4566 -124.837 -5303.4 21000
1649 40.4473 -124.828 -4773.06 22000
1650 40.4566 -124.837 -5303.4 21000
1651 40.4641 -124.835 -5833.74 21000
1652 40.4548 -124.826 -5303.4 22000
1653 40.4641 -124.835 -5833.74 21000
1654 40.4716 -124.833 -6364.07 21000
1655 40.4623 -124.824 -5833.74 22000
