# Number of sections
# Number of elements
# Number of vertices
2 276 817
# id: Unique ID of the section.
# fault_id: ID of the parent fault.
# name: Name of the fault.
# id fault_id name 
0 1 Two_Fault_1
1 2 Two_Fault_2
# id: Unique ID of the element.
# section_id: ID of the section associated with the element.
# vertex_0: ID of vertex 0.
# vertex_1: ID of vertex 1.
# vertex_2: ID of vertex 2.
# is_quad: Whether the vertices constitute 3 points of a triangle (zero) or 3 points of a parallelogram (non-zero).
# slip_rate: Long term slip rate of element in meters per second.
# aseismic: Fraction of slip on element that is aseismic.
# rake: Rake angle of element in radians.
# lame_mu: Lame's parameter describing the shear modulus of the material for this element (Pascals).
# lame_lambda: Lame's lambda parameter of the material for this element, in Pascals.
# max_slip: Maximum slip distance for this element, in meters.
# id section_id vertex_0 vertex_1 vertex_2 is_quad slip_rate aseismic rake lame_mu lame_lambda max_slip 
0 0 0 1 2 1 3.16881e-10 0 3.14159 3e+10 3.2e+10 0.474123
1 0 1 4 5 1 3.16881e-10 0 3.14159 3e+10 3.2e+10 0.474123
2 0 4 7 8 1 3.16881e-10 0 3.14159 3e+10 3.2e+10 0.474123
3 0 7 10 11 1 3.16881e-10 0 3.14159 3e+10 3.2e+10 0.474123
4 0 10 13 14 1 3.16881e-10 0 3.14159 3e+10 3.2e+10 0.474123
5 0 13 16 17 1 3.16881e-10 0 3.14159 3e+10 3.2e+10 0.474123
6 0 16 19 20 1 3.16881e-10 0 3.14159 3e+10 3.2e+10 0.474123
7 0 19 22 23 1 3.16881e-10 0 3.14159 3e+10 3.2e+10 0.474123
8 0 22 25 26 1 3.16881e-10 0 3.14159 3e+10 3.2e+10 0.474123
9 0 25 28 29 1 3.16881e-10 0 3.14159 3e+10 3.2e+10 0.474123
10 0 28 31 32 1 3.16881e-10 0 3.14159 3e+10 3.2e+10 0.474123
11 0 31 34 35 1 3.16881e-10 0 3.14159 3e+10 3.2e+10 0.474123
12 0 36 37 38 1 3.16881e-10 0 3.14159 3e+10 3.2e+10 0.474123
13 0 39 40 41 1 3.16881e-10 0 3.14159 3e+10 3.2e+10 0.474123
14 0 42 43 44 1 3.16881e-10 0 3.14159 3e+10 3.2e+10 0.474123
15 0 45 46 47 1 3.16881e-10 0 3.14159 3e+10 3.2e+10 0.474123
16 0 48 49 50 1 3.16881e-10 0 3.14159 3e+10 3.2e+10 0.474123
17 0 51 52 53 1 3.16881e-10 0 3.14159 3e+10 3.2e+10 0.474123
18 0 54 55 56 1 3.16881e-10 0 3.14159 3e+10 3.2e+10 0.474123
19 0 57 58 59 1 3.16881e-10 0 3.14159 3e+10 3.2e+10 0.474123
20 0 60 61 62 1 3.16881e-10 0 3.14159 3e+10 3.2e+10 0.474123
21 0 63 64 65 1 3.16881e-10 0 3.14159 3e+10 3.2e+10 0.474123
22 0 66 67 68 1 3.16881e-10 0 3.14159 3e+10 3.2e+10 0.474123
23 0 69 70 71 1 3.16881e-10 0 3.14159 3e+10 3.2e+10 0.474123
24 0 72 73 74 1 3.16881e-10 0 3.14159 3e+10 3.2e+10 0.474123
25 0 75 76 77 1 3.16881e-10 0 3.14159 3e+10 3.2e+10 0.474123
26 0 78 79 80 1 3.16881e-10 0 3.14159 3e+10 3.2e+10 0.474123
27 0 81 82 83 1 3.16881e-10 0 3.14159 3e+10 3.2e+10 0.474123
28 0 84 85 86 1 3.16881e-10 0 3.14159 3e+10 3.2e+10 0.474123
29 0 87 88 89 1 3.16881e-10 0 3.14159 3e+10 3.2e+10 0.474123
30 0 90 91 92 1 3.16881e-10 0 3.14159 3e+10 3.2e+10 0.474123
31 0 93 94 95 1 3.16881e-10 0 3.14159 3e+10 3.2e+10 0.474123
32 0 96 97 98 1 3.16881e-10 0 3.14159 3e+10 3.2e+10 0.474123
33 0 99 100 101 1 3.16881e-10 0 3.14159 3e+10 3.2e+10 0.474123
34 0 102 103 104 1 3.16881e-10 0 3.14159 3e+10 3.2e+10 0.474123
35 0 105 106 107 1 3.16881e-10 0 3.14159 3e+10 3.2e+10 0.474123
36 0 108 109 110 1 3.16881e-10 0 3.14159 3e+10 3.2e+10 0.474123
37 0 111 112 113 1 3.16881e-10 0 3.14159 3e+10 3.2e+10 0.474123
38 0 114 115 116 1 3.16881e-10 0 3.14159 3e+10 3.2e+10 0.474123
39 0 117 118 119 1 3.16881e-10 0 3.14159 3e+10 3.2e+10 0.474123
40 0 120 121 122 1 3.16881e-10 0 3.14159 3e+10 3.2e+10 0.474123
41 0 123 124 125 1 3.16881e-10 0 3.14159 3e+10 3.2e+10 0.474123
42 0 126 127 128 1 3.16881e-10 0 3.14159 3e+10 3.2e+10 0.474123
43 0 129 130 131 1 3.16881e-10 0 3.14159 3e+10 3.2e+10 0.474123
44 0 132 133 134 1 3.16881e-10 0 3.14159 3e+10 3.2e+10 0.474123
45 0 135 136 137 1 3.16881e-10 0 3.14159 3e+10 3.2e+10 0.474123
46 0 138 139 140 1 3.16881e-10 0 3.14159 3e+10 3.2e+10 0.474123
47 0 141 142 143 1 3.16881e-10 0 3.14159 3e+10 3.2e+10 0.474123
48 0 144 145 146 1 3.16881e-10 0 3.14159 3e+10 3.2e+10 0.474123
49 0 147 148 149 1 3.16881e-10 0 3.14159 3e+10 3.2e+10 0.474123
50 0 150 151 152 1 3.16881e-10 0 3.14159 3e+10 3.2e+10 0.474123
51 0 153 154 155 1 3.16881e-10 0 3.14159 3e+10 3.2e+10 0.474123
52 0 156 157 158 1 3.16881e-10 0 3.14159 3e+10 3.2e+10 0.474123
53 0 159 160 161 1 3.16881e-10 0 3.14159 3e+10 3.2e+10 0.474123
54 0 162 163 164 1 3.16881e-10 0 3.14159 3e+10 3.2e+10 0.474123
55 0 165 166 167 1 3.16881e-10 0 3.14159 3e+10 3.2e+10 0.474123
56 0 168 169 170 1 3.16881e-10 0 3.14159 3e+10 3.2e+10 0.474123
57 0 171 172 173 1 3.16881e-10 0 3.14159 3e+10 3.2e+10 0.474123
58 0 174 175 176 1 3.16881e-10 0 3.14159 3e+10 3.2e+10 0.474123
59 0 177 178 179 1 3.16881e-10 0 3.14159 3e+10 3.2e+10 0.474123
60 0 180 181 182 1 3.16881e-10 0 3.14159 3e+10 3.2e+10 0.474123
61 0 183 184 185 1 3.16881e-10 0 3.14159 3e+10 3.2e+10 0.474123
62 0 186 187 188 1 3.16881e-10 0 3.14159 3e+10 3.2e+10 0.474123
63 0 189 190 191 1 3.16881e-10 0 3.14159 3e+10 3.2e+10 0.474123
64 0 192 193 194 1 3.16881e-10 0 3.14159 3e+10 3.2e+10 0.474123
65 0 195 196 197 1 3.16881e-10 0 3.14159 3e+10 3.2e+10 0.474123
66 0 198 199 200 1 3.16881e-10 0 3.14159 3e+10 3.2e+10 0.474123
67 0 201 202 203 1 3.16881e-10 0 3.14159 3e+10 3.2e+10 0.474123
68 0 204 205 206 1 3.16881e-10 0 3.14159 3e+10 3.2e+10 0.474123
69 0 207 208 209 1 3.16881e-10 0 3.14159 3e+10 3.2e+10 0.474123
70 0 210 211 212 1 3.16881e-10 0 3.14159 3e+10 3.2e+10 0.474123
71 0 213 214 215 1 3.16881e-10 0 3.14159 3e+10 3.2e+10 0.474123
72 0 216 217 218 1 3.16881e-10 0 3.14159 3e+10 3.2e+10 0.474123
73 0 219 220 221 1 3.16881e-10 0 3.14159 3e+10 3.2e+10 0.474123
74 0 222 223 224 1 3.16881e-10 0 3.14159 3e+10 3.2e+10 0.474123
75 0 225 226 227 1 3.16881e-10 0 3.14159 3e+10 3.2e+10 0.474123
76 0 228 229 230 1 3.16881e-10 0 3.14159 3e+10 3.2e+10 0.474123
77 0 231 232 233 1 3.16881e-10 0 3.14159 3e+10 3.2e+10 0.474123
78 0 234 235 236 1 3.16881e-10 0 3.14159 3e+10 3.2e+10 0.474123
79 0 237 238 239 1 3.16881e-10 0 3.14159 3e+10 3.2e+10 0.474123
80 0 240 241 242 1 3.16881e-10 0 3.14159 3e+10 3.2e+10 0.474123
81 0 243 244 245 1 3.16881e-10 0 3.14159 3e+10 3.2e+10 0.474123
82 0 246 247 248 1 3.16881e-10 0 3.14159 3e+10 3.2e+10 0.474123
83 0 249 250 251 1 3.16881e-10 0 3.14159 3e+10 3.2e+10 0.474123
84 0 252 253 254 1 3.16881e-10 0 3.14159 3e+10 3.2e+10 0.474123
85 0 255 256 257 1 3.16881e-10 0 3.14159 3e+10 3.2e+10 0.474123
86 0 258 259 260 1 3.16881e-10 0 3.14159 3e+10 3.2e+10 0.474123
87 0 261 262 263 1 3.16881e-10 0 3.14159 3e+10 3.2e+10 0.474123
88 0 264 265 266 1 3.16881e-10 0 3.14159 3e+10 3.2e+10 0.474123
89 0 267 268 269 1 3.16881e-10 0 3.14159 3e+10 3.2e+10 0.474123
90 0 270 271 272 1 3.16881e-10 0 3.14159 3e+10 3.2e+10 0.474123
91 0 273 274 275 1 3.16881e-10 0 3.14159 3e+10 3.2e+10 0.474123
92 0 276 277 278 1 3.16881e-10 0 3.14159 3e+10 3.2e+10 0.474123
93 0 279 280 281 1 3.16881e-10 0 3.14159 3e+10 3.2e+10 0.474123
94 0 282 283 284 1 3.16881e-10 0 3.14159 3e+10 3.2e+10 0.474123
95 0 285 286 287 1 3.16881e-10 0 3.14159 3e+10 3.2e+10 0.474123
96 0 288 289 290 1 3.16881e-10 0 3.14159 3e+10 3.2e+10 0.474123
97 0 291 292 293 1 3.16881e-10 0 3.14159 3e+10 3.2e+10 0.474123
98 0 294 295 296 1 3.16881e-10 0 3.14159 3e+10 3.2e+10 0.474123
99 0 297 298 299 1 3.16881e-10 0 3.14159 3e+10 3.2e+10 0.474123
100 0 300 301 302 1 3.16881e-10 0 3.14159 3e+10 3.2e+10 0.474123
101 0 303 304 305 1 3.16881e-10 0 3.14159 3e+10 3.2e+10 0.474123
102 0 306 307 308 1 3.16881e-10 0 3.14159 3e+10 3.2e+10 0.474123
103 0 309 310 311 1 3.16881e-10 0 3.14159 3e+10 3.2e+10 0.474123
104 0 312 313 314 1 3.16881e-10 0 3.14159 3e+10 3.2e+10 0.474123
105 0 315 316 317 1 3.16881e-10 0 3.14159 3e+10 3.2e+10 0.474123
106 0 318 319 320 1 3.16881e-10 0 3.14159 3e+10 3.2e+10 0.474123
107 0 321 322 323 1 3.16881e-10 0 3.14159 3e+10 3.2e+10 0.474123
108 0 324 325 326 1 3.16881e-10 0 3.14159 3e+10 3.2e+10 0.474123
109 0 327 328 329 1 3.16881e-10 0 3.14159 3e+10 3.2e+10 0.474123
110 0 330 331 332 1 3.16881e-10 0 3.14159 3e+10 3.2e+10 0.474123
111 0 333 334 335 1 3.16881e-10 0 3.14159 3e+10 3.2e+10 0.474123
112 0 336 337 338 1 3.16881e-10 0 3.14159 3e+10 3.2e+10 0.474123
113 0 339 340 341 1 3.16881e-10 0 3.14159 3e+10 3.2e+10 0.474123
114 0 342 343 344 1 3.16881e-10 0 3.14159 3e+10 3.2e+10 0.474123
115 0 345 346 347 1 3.16881e-10 0 3.14159 3e+10 3.2e+10 0.474123
116 0 348 349 350 1 3.16881e-10 0 3.14159 3e+10 3.2e+10 0.474123
117 0 351 352 353 1 3.16881e-10 0 3.14159 3e+10 3.2e+10 0.474123
118 0 354 355 356 1 3.16881e-10 0 3.14159 3e+10 3.2e+10 0.474123
119 0 357 358 359 1 3.16881e-10 0 3.14159 3e+10 3.2e+10 0.474123
120 0 360 361 362 1 3.16881e-10 0 3.14159 3e+10 3.2e+10 0.474123
121 0 363 364 365 1 3.16881e-10 0 3.14159 3e+10 3.2e+10 0.474123
122 0 366 367 368 1 3.16881e-10 0 3.14159 3e+10 3.2e+10 0.474123
123 0 369 370 371 1 3.16881e-10 0 3.14159 3e+10 3.2e+10 0.474123
124 0 372 373 374 1 3.16881e-10 0 3.14159 3e+10 3.2e+10 0.474123
125 0 375 376 377 1 3.16881e-10 0 3.14159 3e+10 3.2e+10 0.474123
126 0 378 379 380 1 3.16881e-10 0 3.14159 3e+10 3.2e+10 0.474123
127 0 381 382 383 1 3.16881e-10 0 3.14159 3e+10 3.2e+10 0.474123
128 0 384 385 386 1 3.16881e-10 0 3.14159 3e+10 3.2e+10 0.474123
129 0 387 388 389 1 3.16881e-10 0 3.14159 3e+10 3.2e+10 0.474123
130 0 390 391 392 1 3.16881e-10 0 3.14159 3e+10 3.2e+10 0.474123
131 0 393 394 395 1 3.16881e-10 0 3.14159 3e+10 3.2e+10 0.474123
132 1 396 397 398 1 3.16881e-10 0 1.5708 3e+10 3.2e+10 0.492713
133 1 399 400 401 1 3.16881e-10 0 1.5708 3e+10 3.2e+10 0.492713
134 1 402 403 404 1 3.16881e-10 0 1.5708 3e+10 3.2e+10 0.492713
135 1 405 406 407 1 3.16881e-10 0 1.5708 3e+10 3.2e+10 0.492713
136 1 408 409 410 1 3.16881e-10 0 1.5708 3e+10 3.2e+10 0.492713
137 1 411 412 413 1 3.16881e-10 0 1.5708 3e+10 3.2e+10 0.492713
138 1 414 415 416 1 3.16881e-10 0 1.5708 3e+10 3.2e+10 0.492713
139 1 417 418 419 1 3.16881e-10 0 1.5708 3e+10 3.2e+10 0.492713
140 1 420 421 422 1 3.16881e-10 0 1.5708 3e+10 3.2e+10 0.492713
141 1 423 424 425 1 3.16881e-10 0 1.5708 3e+10 3.2e+10 0.492713
142 1 426 427 428 1 3.16881e-10 0 1.5708 3e+10 3.2e+10 0.492713
143 1 429 430 431 1 3.16881e-10 0 1.5708 3e+10 3.2e+10 0.492713
144 1 432 433 434 1 3.16881e-10 0 1.5708 3e+10 3.2e+10 0.492713
145 1 435 436 437 1 3.16881e-10 0 1.5708 3e+10 3.2e+10 0.492713
146 1 438 439 440 1 3.16881e-10 0 1.5708 3e+10 3.2e+10 0.492713
147 1 441 442 443 1 3.16881e-10 0 1.5708 3e+10 3.2e+10 0.492713
148 1 444 445 446 1 3.16881e-10 0 1.5708 3e+10 3.2e+10 0.492713
149 1 447 448 449 1 3.16881e-10 0 1.5708 3e+10 3.2e+10 0.492713
150 1 450 451 452 1 3.16881e-10 0 1.5708 3e+10 3.2e+10 0.492713
151 1 453 454 455 1 3.16881e-10 0 1.5708 3e+10 3.2e+10 0.492713
152 1 456 457 458 1 3.16881e-10 0 1.5708 3e+10 3.2e+10 0.492713
153 1 459 460 461 1 3.16881e-10 0 1.5708 3e+10 3.2e+10 0.492713
154 1 462 463 464 1 3.16881e-10 0 1.5708 3e+10 3.2e+10 0.492713
155 1 465 466 467 1 3.16881e-10 0 1.5708 3e+10 3.2e+10 0.492713
156 1 468 469 470 1 3.16881e-10 0 1.5708 3e+10 3.2e+10 0.492713
157 1 471 472 473 1 3.16881e-10 0 1.5708 3e+10 3.2e+10 0.492713
158 1 474 475 476 1 3.16881e-10 0 1.5708 3e+10 3.2e+10 0.492713
159 1 477 478 479 1 3.16881e-10 0 1.5708 3e+10 3.2e+10 0.492713
160 1 480 481 482 1 3.16881e-10 0 1.5708 3e+10 3.2e+10 0.492713
161 1 483 484 485 1 3.16881e-10 0 1.5708 3e+10 3.2e+10 0.492713
162 1 486 487 488 1 3.16881e-10 0 1.5708 3e+10 3.2e+10 0.492713
163 1 489 490 491 1 3.16881e-10 0 1.5708 3e+10 3.2e+10 0.492713
164 1 492 493 494 1 3.16881e-10 0 1.5708 3e+10 3.2e+10 0.492713
165 1 495 496 497 1 3.16881e-10 0 1.5708 3e+10 3.2e+10 0.492713
166 1 498 499 500 1 3.16881e-10 0 1.5708 3e+10 3.2e+10 0.492713
167 1 501 502 503 1 3.16881e-10 0 1.5708 3e+10 3.2e+10 0.492713
168 1 504 505 506 1 3.16881e-10 0 1.5708 3e+10 3.2e+10 0.492713
169 1 507 508 509 1 3.16881e-10 0 1.5708 3e+10 3.2e+10 0.492713
170 1 510 511 512 1 3.16881e-10 0 1.5708 3e+10 3.2e+10 0.492713
171 1 513 514 515 1 3.16881e-10 0 1.5708 3e+10 3.2e+10 0.492713
172 1 516 517 518 1 3.16881e-10 0 1.5708 3e+10 3.2e+10 0.492713
173 1 519 520 521 1 3.16881e-10 0 1.5708 3e+10 3.2e+10 0.492713
174 1 522 523 524 1 3.16881e-10 0 1.5708 3e+10 3.2e+10 0.492713
175 1 525 526 527 1 3.16881e-10 0 1.5708 3e+10 3.2e+10 0.492713
176 1 528 529 530 1 3.16881e-10 0 1.5708 3e+10 3.2e+10 0.492713
177 1 531 532 533 1 3.16881e-10 0 1.5708 3e+10 3.2e+10 0.492713
178 1 534 535 536 1 3.16881e-10 0 1.5708 3e+10 3.2e+10 0.492713
179 1 537 538 539 1 3.16881e-10 0 1.5708 3e+10 3.2e+10 0.492713
180 1 540 541 542 1 3.16881e-10 0 1.5708 3e+10 3.2e+10 0.492713
181 1 543 544 545 1 3.16881e-10 0 1.5708 3e+10 3.2e+10 0.492713
182 1 546 547 548 1 3.16881e-10 0 1.5708 3e+10 3.2e+10 0.492713
183 1 549 550 551 1 3.16881e-10 0 1.5708 3e+10 3.2e+10 0.492713
184 1 552 553 554 1 3.16881e-10 0 1.5708 3e+10 3.2e+10 0.492713
185 1 555 556 557 1 3.16881e-10 0 1.5708 3e+10 3.2e+10 0.492713
186 1 558 559 560 1 3.16881e-10 0 1.5708 3e+10 3.2e+10 0.492713
187 1 561 562 563 1 3.16881e-10 0 1.5708 3e+10 3.2e+10 0.492713
188 1 564 565 566 1 3.16881e-10 0 1.5708 3e+10 3.2e+10 0.492713
189 1 567 568 569 1 3.16881e-10 0 1.5708 3e+10 3.2e+10 0.492713
190 1 570 571 572 1 3.16881e-10 0 1.5708 3e+10 3.2e+10 0.492713
191 1 573 574 575 1 3.16881e-10 0 1.5708 3e+10 3.2e+10 0.492713
192 1 576 577 578 1 3.16881e-10 0 1.5708 3e+10 3.2e+10 0.492713
193 1 579 580 581 1 3.16881e-10 0 1.5708 3e+10 3.2e+10 0.492713
194 1 582 583 584 1 3.16881e-10 0 1.5708 3e+10 3.2e+10 0.492713
195 1 585 586 587 1 3.16881e-10 0 1.5708 3e+10 3.2e+10 0.492713
196 1 588 589 590 1 3.16881e-10 0 1.5708 3e+10 3.2e+10 0.492713
197 1 591 592 593 1 3.16881e-10 0 1.5708 3e+10 3.2e+10 0.492713
198 1 594 595 596 1 3.16881e-10 0 1.5708 3e+10 3.2e+10 0.492713
199 1 597 598 599 1 3.16881e-10 0 1.5708 3e+10 3.2e+10 0.492713
200 1 600 601 602 1 3.16881e-10 0 1.5708 3e+10 3.2e+10 0.492713
201 1 603 604 605 1 3.16881e-10 0 1.5708 3e+10 3.2e+10 0.492713
202 1 606 607 608 1 3.16881e-10 0 1.5708 3e+10 3.2e+10 0.492713
203 1 609 610 611 1 3.16881e-10 0 1.5708 3e+10 3.2e+10 0.492713
204 1 612 613 614 1 3.16881e-10 0 1.5708 3e+10 3.2e+10 0.492713
205 1 615 616 617 1 3.16881e-10 0 1.5708 3e+10 3.2e+10 0.492713
206 1 618 619 620 1 3.16881e-10 0 1.5708 3e+10 3.2e+10 0.492713
207 1 621 622 623 1 3.16881e-10 0 1.5708 3e+10 3.2e+10 0.492713
208 1 624 625 626 1 3.16881e-10 0 1.5708 3e+10 3.2e+10 0.492713
209 1 627 628 629 1 3.16881e-10 0 1.5708 3e+10 3.2e+10 0.492713
210 1 630 631 632 1 3.16881e-10 0 1.5708 3e+10 3.2e+10 0.492713
211 1 633 634 635 1 3.16881e-10 0 1.5708 3e+10 3.2e+10 0.492713
212 1 636 637 638 1 3.16881e-10 0 1.5708 3e+10 3.2e+10 0.492713
213 1 639 640 641 1 3.16881e-10 0 1.5708 3e+10 3.2e+10 0.492713
214 1 642 643 644 1 3.16881e-10 0 1.5708 3e+10 3.2e+10 0.492713
215 1 645 646 647 1 3.16881e-10 0 1.5708 3e+10 3.2e+10 0.492713
216 1 648 649 650 1 3.16881e-10 0 1.5708 3e+10 3.2e+10 0.492713
217 1 651 652 653 1 3.16881e-10 0 1.5708 3e+10 3.2e+10 0.492713
218 1 654 655 656 1 3.16881e-10 0 1.5708 3e+10 3.2e+10 0.492713
219 1 657 658 659 1 3.16881e-10 0 1.5708 3e+10 3.2e+10 0.492713
220 1 660 661 662 1 3.16881e-10 0 1.5708 3e+10 3.2e+10 0.492713
221 1 663 664 665 1 3.16881e-10 0 1.5708 3e+10 3.2e+10 0.492713
222 1 666 667 668 1 3.16881e-10 0 1.5708 3e+10 3.2e+10 0.492713
223 1 669 670 671 1 3.16881e-10 0 1.5708 3e+10 3.2e+10 0.492713
224 1 672 673 674 1 3.16881e-10 0 1.5708 3e+10 3.2e+10 0.492713
225 1 675 676 677 1 3.16881e-10 0 1.5708 3e+10 3.2e+10 0.492713
226 1 678 679 680 1 3.16881e-10 0 1.5708 3e+10 3.2e+10 0.492713
227 1 681 682 683 1 3.16881e-10 0 1.5708 3e+10 3.2e+10 0.492713
228 1 684 685 686 1 3.16881e-10 0 1.5708 3e+10 3.2e+10 0.492713
229 1 687 688 689 1 3.16881e-10 0 1.5708 3e+10 3.2e+10 0.492713
230 1 690 691 692 1 3.16881e-10 0 1.5708 3e+10 3.2e+10 0.492713
231 1 693 694 695 1 3.16881e-10 0 1.5708 3e+10 3.2e+10 0.492713
232 1 696 697 698 1 3.16881e-10 0 1.5708 3e+10 3.2e+10 0.492713
233 1 699 700 701 1 3.16881e-10 0 1.5708 3e+10 3.2e+10 0.492713
234 1 702 703 704 1 3.16881e-10 0 1.5708 3e+10 3.2e+10 0.492713
235 1 705 706 707 1 3.16881e-10 0 1.5708 3e+10 3.2e+10 0.492713
236 1 708 709 710 1 3.16881e-10 0 1.5708 3e+10 3.2e+10 0.492713
237 1 711 712 713 1 3.16881e-10 0 1.5708 3e+10 3.2e+10 0.492713
238 1 714 715 716 1 3.16881e-10 0 1.5708 3e+10 3.2e+10 0.492713
239 1 717 718 719 1 3.16881e-10 0 1.5708 3e+10 3.2e+10 0.492713
240 1 720 721 722 1 3.16881e-10 0 1.5708 3e+10 3.2e+10 0.492713
241 1 723 724 725 1 3.16881e-10 0 1.5708 3e+10 3.2e+10 0.492713
242 1 726 727 728 1 3.16881e-10 0 1.5708 3e+10 3.2e+10 0.492713
243 1 729 730 731 1 3.16881e-10 0 1.5708 3e+10 3.2e+10 0.492713
244 1 732 733 734 1 3.16881e-10 0 1.5708 3e+10 3.2e+10 0.492713
245 1 735 736 737 1 3.16881e-10 0 1.5708 3e+10 3.2e+10 0.492713
246 1 738 739 740 1 3.16881e-10 0 1.5708 3e+10 3.2e+10 0.492713
247 1 741 742 743 1 3.16881e-10 0 1.5708 3e+10 3.2e+10 0.492713
248 1 744 745 746 1 3.16881e-10 0 1.5708 3e+10 3.2e+10 0.492713
249 1 747 748 749 1 3.16881e-10 0 1.5708 3e+10 3.2e+10 0.492713
250 1 750 751 752 1 3.16881e-10 0 1.5708 3e+10 3.2e+10 0.492713
251 1 753 754 755 1 3.16881e-10 0 1.5708 3e+10 3.2e+10 0.492713
252 1 756 757 758 1 3.16881e-10 0 1.5708 3e+10 3.2e+10 0.492713
253 1 759 760 761 1 3.16881e-10 0 1.5708 3e+10 3.2e+10 0.492713
254 1 762 763 764 1 3.16881e-10 0 1.5708 3e+10 3.2e+10 0.492713
255 1 765 766 767 1 3.16881e-10 0 1.5708 3e+10 3.2e+10 0.492713
256 1 768 769 770 1 3.16881e-10 0 1.5708 3e+10 3.2e+10 0.492713
257 1 771 772 773 1 3.16881e-10 0 1.5708 3e+10 3.2e+10 0.492713
258 1 774 775 776 1 3.16881e-10 0 1.5708 3e+10 3.2e+10 0.492713
259 1 777 778 779 1 3.16881e-10 0 1.5708 3e+10 3.2e+10 0.492713
260 1 780 781 782 1 3.16881e-10 0 1.5708 3e+10 3.2e+10 0.492713
261 1 783 784 785 1 3.16881e-10 0 1.5708 3e+10 3.2e+10 0.492713
262 1 786 787 788 1 3.16881e-10 0 1.5708 3e+10 3.2e+10 0.492713
263 1 789 790 791 1 3.16881e-10 0 1.5708 3e+10 3.2e+10 0.492713
264 1 792 793 794 1 3.16881e-10 0 1.5708 3e+10 3.2e+10 0.492713
265 1 795 796 797 1 3.16881e-10 0 1.5708 3e+10 3.2e+10 0.492713
266 1 798 799 800 1 3.16881e-10 0 1.5708 3e+10 3.2e+10 0.492713
267 1 801 802 803 1 3.16881e-10 0 1.5708 3e+10 3.2e+10 0.492713
268 1 804 805 806 1 3.16881e-10 0 1.5708 3e+10 3.2e+10 0.492713
269 1 807 808 809 1 3.16881e-10 0 1.5708 3e+10 3.2e+10 0.492713
270 1 810 811 812 1 3.16881e-10 0 1.5708 3e+10 3.2e+10 0.492713
271 1 813 814 815 1 3.16881e-10 0 1.5708 3e+10 3.2e+10 0.492713
272 1 816 817 818 1 3.16881e-10 0 1.5708 3e+10 3.2e+10 0.492713
273 1 819 820 821 1 3.16881e-10 0 1.5708 3e+10 3.2e+10 0.492713
274 1 822 823 824 1 3.16881e-10 0 1.5708 3e+10 3.2e+10 0.492713
275 1 825 826 827 1 3.16881e-10 0 1.5708 3e+10 3.2e+10 0.492713
# id: Unique ID of the vertex.
# latitude: Latitude of the vertex.
# longitude: Longitude of the vertex.
# altitude: Altitude of the vertex in meters (negative is below ground).
# das: Vertex distance along fault strike in meters.
# id latitude longitude altitude das 
0 40.3593 -124.9 0 0
1 40.3593 -124.9 -1006.6 0
2 40.3544 -124.89 0 1006.6
4 40.3593 -124.9 -2013.2 0
5 40.3544 -124.89 -1006.6 1006.6
7 40.3593 -124.9 -3019.8 0
8 40.3544 -124.89 -2013.2 1006.6
10 40.3593 -124.9 -4026.4 0
11 40.3544 -124.89 -3019.8 1006.6
13 40.3593 -124.9 -5033 0
14 40.3544 -124.89 -4026.4 1006.6
16 40.3593 -124.9 -6039.61 0
17 40.3544 -124.89 -5033 1006.6
19 40.3593 -124.9 -7046.21 0
20 40.3544 -124.89 -6039.61 1006.6
22 40.3593 -124.9 -8052.81 0
23 40.3544 -124.89 -7046.21 1006.6
25 40.3593 -124.9 -9059.41 0
26 40.3544 -124.89 -8052.81 1006.6
28 40.3593 -124.9 -10066 0
29 40.3544 -124.89 -9059.41 1006.6
31 40.3593 -124.9 -11072.6 0
32 40.3544 -124.89 -10066 1006.6
34 40.3593 -124.9 -12079.2 0
35 40.3544 -124.89 -11072.6 1006.6
36 40.3544 -124.89 0 1006.6
37 40.3544 -124.89 -1006.6 1006.6
38 40.3496 -124.88 0 2013.2
39 40.3544 -124.89 -1006.6 1006.6
40 40.3544 -124.89 -2013.2 1006.6
41 40.3496 -124.88 -1006.6 2013.2
42 40.3544 -124.89 -2013.2 1006.6
43 40.3544 -124.89 -3019.8 1006.6
44 40.3496 -124.88 -2013.2 2013.2
45 40.3544 -124.89 -3019.8 1006.6
46 40.3544 -124.89 -4026.4 1006.6
47 40.3496 -124.88 -3019.8 2013.2
48 40.3544 -124.89 -4026.4 1006.6
49 40.3544 -124.89 -5033 1006.6
50 40.3496 -124.88 -4026.4 2013.2
51 40.3544 -124.89 -5033 1006.6
52 40.3544 -124.89 -6039.61 1006.6
53 40.3496 -124.88 -5033 2013.2
54 40.3544 -124.89 -6039.61 1006.6
55 40.3544 -124.89 -7046.21 1006.6
56 40.3496 -124.88 -6039.61 2013.2
57 40.3544 -124.89 -7046.21 1006.6
58 40.3544 -124.89 -8052.81 1006.6
59 40.3496 -124.88 -7046.21 2013.2
60 40.3544 -124.89 -8052.81 1006.6
61 40.3544 -124.89 -9059.41 1006.6
62 40.3496 -124.88 -8052.81 2013.2
63 40.3544 -124.89 -9059.41 1006.6
64 40.3544 -124.89 -10066 1006.6
65 40.3496 -124.88 -9059.41 2013.2
66 40.3544 -124.89 -10066 1006.6
67 40.3544 -124.89 -11072.6 1006.6
68 40.3496 -124.88 -10066 2013.2
69 40.3544 -124.89 -11072.6 1006.6
70 40.3544 -124.89 -12079.2 1006.6
71 40.3496 -124.88 -11072.6 2013.2
72 40.3496 -124.88 0 2013.2
73 40.3496 -124.88 -1006.6 2013.2
74 40.3447 -124.87 0 3019.8
75 40.3496 -124.88 -1006.6 2013.2
76 40.3496 -124.88 -2013.2 2013.2
77 40.3447 -124.87 -1006.6 3019.8
78 40.3496 -124.88 -2013.2 2013.2
79 40.3496 -124.88 -3019.8 2013.2
80 40.3447 -124.87 -2013.2 3019.8
81 40.3496 -124.88 -3019.8 2013.2
82 40.3496 -124.88 -4026.4 2013.2
83 40.3447 -124.87 -3019.8 3019.8
84 40.3496 -124.88 -4026.4 2013.2
85 40.3496 -124.88 -5033 2013.2
86 40.3447 -124.87 -4026.4 3019.8
87 40.3496 -124.88 -5033 2013.2
88 40.3496 -124.88 -6039.61 2013.2
89 40.3447 -124.87 -5033 3019.8
90 40.3496 -124.88 -6039.61 2013.2
91 40.3496 -124.88 -7046.21 2013.2
92 40.3447 -124.87 -6039.61 3019.8
93 40.3496 -124.88 -7046.21 2013.2
94 40.3496 -124.88 -8052.81 2013.2
95 40.3447 -124.87 -7046.21 3019.8
96 40.3496 -124.88 -8052.81 2013.2
97 40.3496 -124.88 -9059.41 2013.2
98 40.3447 -124.87 -8052.81 3019.8
99 40.3496 -124.88 -9059.41 2013.2
100 40.3496 -124.88 -10066 2013.2
101 40.3447 -124.87 -9059.41 3019.8
102 40.3496 -124.88 -10066 2013.2
103 40.3496 -124.88 -11072.6 2013.2
104 40.3447 -124.87 -10066 3019.8
105 40.3496 -124.88 -11072.6 2013.2
106 40.3496 -124.88 -12079.2 2013.2
107 40.3447 -124.87 -11072.6 3019.8
108 40.3447 -124.87 0 3019.8
109 40.3447 -124.87 -1006.6 3019.8
110 40.3399 -124.86 0 4026.4
111 40.3447 -124.87 -1006.6 3019.8
112 40.3447 -124.87 -2013.2 3019.8
113 40.3399 -124.86 -1006.6 4026.4
114 40.3447 -124.87 -2013.2 3019.8
115 40.3447 -124.87 -3019.8 3019.8
116 40.3399 -124.86 -2013.2 4026.4
117 40.3447 -124.87 -3019.8 3019.8
118 40.3447 -124.87 -4026.4 3019.8
119 40.3399 -124.86 -3019.8 4026.4
120 40.3447 -124.87 -4026.4 3019.8
121 40.3447 -124.87 -5033 3019.8
122 40.3399 -124.86 -4026.4 4026.4
123 40.3447 -124.87 -5033 3019.8
124 40.3447 -124.87 -6039.61 3019.8
125 40.3399 -124.86 -5033 4026.4
126 40.3447 -124.87 -6039.61 3019.8
127 40.3447 -124.87 -7046.21 3019.8
128 40.3399 -124.86 -6039.61 4026.4
129 40.3447 -124.87 -7046.21 3019.8
130 40.3447 -124.87 -8052.81 3019.8
131 40.3399 -124.86 -7046.21 4026.4
132 40.3447 -124.87 -8052.81 3019.8
133 40.3447 -124.87 -9059.41 3019.8
134 40.3399 -124.86 -8052.81 4026.4
135 40.3447 -124.87 -9059.41 3019.8
136 40.3447 -124.87 -10066 3019.8
137 40.3399 -124.86 -9059.41 4026.4
138 40.3447 -124.87 -10066 3019.8
139 40.3447 -124.87 -11072.6 3019.8
140 40.3399 -124.86 -10066 4026.4
141 40.3447 -124.87 -11072.6 3019.8
142 40.3447 -124.87 -12079.2 3019.8
143 40.3399 -124.86 -11072.6 4026.4
144 40.3399 -124.86 0 4026.4
145 40.3399 -124.86 -1006.6 4026.4
146 40.335 -124.85 0 5033
147 40.3399 -124.86 -1006.6 4026.4
148 40.3399 -124.86 -2013.2 4026.4
149 40.335 -124.85 -1006.6 5033
150 40.3399 -124.86 -2013.2 4026.4
151 40.3399 -124.86 -3019.8 4026.4
152 40.335 -124.85 -2013.2 5033
153 40.3399 -124.86 -3019.8 4026.4
154 40.3399 -124.86 -4026.4 4026.4
155 40.335 -124.85 -3019.8 5033
156 40.3399 -124.86 -4026.4 4026.4
157 40.3399 -124.86 -5033 4026.4
158 40.335 -124.85 -4026.4 5033
159 40.3399 -124.86 -5033 4026.4
160 40.3399 -124.86 -6039.61 4026.4
161 40.335 -124.85 -5033 5033
162 40.3399 -124.86 -6039.61 4026.4
163 40.3399 -124.86 -7046.21 4026.4
164 40.335 -124.85 -6039.61 5033
165 40.3399 -124.86 -7046.21 4026.4
166 40.3399 -124.86 -8052.81 4026.4
167 40.335 -124.85 -7046.21 5033
168 40.3399 -124.86 -8052.81 4026.4
169 40.3399 -124.86 -9059.41 4026.4
170 40.335 -124.85 -8052.81 5033
171 40.3399 -124.86 -9059.41 4026.4
172 40.3399 -124.86 -10066 4026.4
173 40.335 -124.85 -9059.41 5033
174 40.3399 -124.86 -10066 4026.4
175 40.3399 -124.86 -11072.6 4026.4
176 40.335 -124.85 -10066 5033
177 40.3399 -124.86 -11072.6 4026.4
178 40.3399 -124.86 -12079.2 4026.4
179 40.335 -124.85 -11072.6 5033
180 40.335 -124.85 0 5033
181 40.335 -124.85 -1006.6 5033
182 40.3302 -124.84 0 6039.61
183 40.335 -124.85 -1006.6 5033
184 40.335 -124.85 -2013.2 5033
185 40.3302 -124.84 -1006.6 6039.61
186 40.335 -124.85 -2013.2 5033
187 40.335 -124.85 -3019.8 5033
188 40.3302 -124.84 -2013.2 6039.61
189 40.335 -124.85 -3019.8 5033
190 40.335 -124.85 -4026.4 5033
191 40.3302 -124.84 -3019.8 6039.61
192 40.335 -124.85 -4026.4 5033
193 40.335 -124.85 -5033 5033
194 40.3302 -124.84 -4026.4 6039.61
195 40.335 -124.85 -5033 5033
196 40.335 -124.85 -6039.61 5033
197 40.3302 -124.84 -5033 6039.61
198 40.335 -124.85 -6039.61 5033
199 40.335 -124.85 -7046.21 5033
200 40.3302 -124.84 -6039.61 6039.61
201 40.335 -124.85 -7046.21 5033
202 40.335 -124.85 -8052.81 5033
203 40.3302 -124.84 -7046.21 6039.61
204 40.335 -124.85 -8052.81 5033
205 40.335 -124.85 -9059.41 5033
206 40.3302 -124.84 -8052.81 6039.61
207 40.335 -124.85 -9059.41 5033
208 40.335 -124.85 -10066 5033
209 40.3302 -124.84 -9059.41 6039.61
210 40.335 -124.85 -10066 5033
211 40.335 -124.85 -11072.6 5033
212 40.3302 -124.84 -10066 6039.61
213 40.335 -124.85 -11072.6 5033
214 40.335 -124.85 -12079.2 5033
215 40.3302 -124.84 -11072.6 6039.61
216 40.3302 -124.84 0 6039.61
217 40.3302 -124.84 -1006.6 6039.61
218 40.3253 -124.83 0 7046.21
219 40.3302 -124.84 -1006.6 6039.61
220 40.3302 -124.84 -2013.2 6039.61
221 40.3253 -124.83 -1006.6 7046.21
222 40.3302 -124.84 -2013.2 6039.61
223 40.3302 -124.84 -3019.8 6039.61
224 40.3253 -124.83 -2013.2 7046.21
225 40.3302 -124.84 -3019.8 6039.61
226 40.3302 -124.84 -4026.4 6039.61
227 40.3253 -124.83 -3019.8 7046.21
228 40.3302 -124.84 -4026.4 6039.61
229 40.3302 -124.84 -5033 6039.61
230 40.3253 -124.83 -4026.4 7046.21
231 40.3302 -124.84 -5033 6039.61
232 40.3302 -124.84 -6039.61 6039.61
233 40.3253 -124.83 -5033 7046.21
234 40.3302 -124.84 -6039.61 6039.61
235 40.3302 -124.84 -7046.21 6039.61
236 40.3253 -124.83 -6039.61 7046.21
237 40.3302 -124.84 -7046.21 6039.61
238 40.3302 -124.84 -8052.81 6039.61
239 40.3253 -124.83 -7046.21 7046.21
240 40.3302 -124.84 -8052.81 6039.61
241 40.3302 -124.84 -9059.41 6039.61
242 40.3253 -124.83 -8052.81 7046.21
243 40.3302 -124.84 -9059.41 6039.61
244 40.3302 -124.84 -10066 6039.61
245 40.3253 -124.83 -9059.41 7046.21
246 40.3302 -124.84 -10066 6039.61
247 40.3302 -124.84 -11072.6 6039.61
248 40.3253 -124.83 -10066 7046.21
249 40.3302 -124.84 -11072.6 6039.61
250 40.3302 -124.84 -12079.2 6039.61
251 40.3253 -124.83 -11072.6 7046.21
252 40.3253 -124.83 0 7046.21
253 40.3253 -124.83 -1006.6 7046.21
254 40.3204 -124.82 0 8052.81
255 40.3253 -124.83 -1006.6 7046.21
256 40.3253 -124.83 -2013.2 7046.21
257 40.3204 -124.82 -1006.6 8052.81
258 40.3253 -124.83 -2013.2 7046.21
259 40.3253 -124.83 -3019.8 7046.21
260 40.3204 -124.82 -2013.2 8052.81
261 40.3253 -124.83 -3019.8 7046.21
262 40.3253 -124.83 -4026.4 7046.21
263 40.3204 -124.82 -3019.8 8052.81
264 40.3253 -124.83 -4026.4 7046.21
265 40.3253 -124.83 -5033 7046.21
266 40.3204 -124.82 -4026.4 8052.81
267 40.3253 -124.83 -5033 7046.21
268 40.3253 -124.83 -6039.61 7046.21
269 40.3204 -124.82 -5033 8052.81
270 40.3253 -124.83 -6039.61 7046.21
271 40.3253 -124.83 -7046.21 7046.21
272 40.3204 -124.82 -6039.61 8052.81
273 40.3253 -124.83 -7046.21 7046.21
274 40.3253 -124.83 -8052.81 7046.21
275 40.3204 -124.82 -7046.21 8052.81
276 40.3253 -124.83 -8052.81 7046.21
277 40.3253 -124.83 -9059.41 7046.21
278 40.3204 -124.82 -8052.81 8052.81
279 40.3253 -124.83 -9059.41 7046.21
280 40.3253 -124.83 -10066 7046.21
281 40.3204 -124.82 -9059.41 8052.81
282 40.3253 -124.83 -10066 7046.21
283 40.3253 -124.83 -11072.6 7046.21
284 40.3204 -124.82 -10066 8052.81
285 40.3253 -124.83 -11072.6 7046.21
286 40.3253 -124.83 -12079.2 7046.21
287 40.3204 -124.82 -11072.6 8052.81
288 40.3204 -124.82 0 8052.81
289 40.3204 -124.82 -1006.6 8052.81
290 40.3156 -124.81 0 9059.41
291 40.3204 -124.82 -1006.6 8052.81
292 40.3204 -124.82 -2013.2 8052.81
293 40.3156 -124.81 -1006.6 9059.41
294 40.3204 -124.82 -2013.2 8052.81
295 40.3204 -124.82 -3019.8 8052.81
296 40.3156 -124.81 -2013.2 9059.41
297 40.3204 -124.82 -3019.8 8052.81
298 40.3204 -124.82 -4026.4 8052.81
299 40.3156 -124.81 -3019.8 9059.41
300 40.3204 -124.82 -4026.4 8052.81
301 40.3204 -124.82 -5033 8052.81
302 40.3156 -124.81 -4026.4 9059.41
303 40.3204 -124.82 -5033 8052.81
304 40.3204 -124.82 -6039.61 8052.81
305 40.3156 -124.81 -5033 9059.41
306 40.3204 -124.82 -6039.61 8052.81
307 40.3204 -124.82 -7046.21 8052.81
308 40.3156 -124.81 -6039.61 9059.41
309 40.3204 -124.82 -7046.21 8052.81
310 40.3204 -124.82 -8052.81 8052.81
311 40.3156 -124.81 -7046.21 9059.41
312 40.3204 -124.82 -8052.81 8052.81
313 40.3204 -124.82 -9059.41 8052.81
314 40.3156 -124.81 -8052.81 9059.41
315 40.3204 -124.82 -9059.41 8052.81
316 40.3204 -124.82 -10066 8052.81
317 40.3156 -124.81 -9059.41 9059.41
318 40.3204 -124.82 -10066 8052.81
319 40.3204 -124.82 -11072.6 8052.81
320 40.3156 -124.81 -10066 9059.41
321 40.3204 -124.82 -11072.6 8052.81
322 40.3204 -124.82 -12079.2 8052.81
323 40.3156 -124.81 -11072.6 9059.41
324 40.3156 -124.81 0 9059.41
325 40.3156 -124.81 -1006.6 9059.41
326 40.3107 -124.8 0 10066
327 40.3156 -124.81 -1006.6 9059.41
328 40.3156 -124.81 -2013.2 9059.41
329 40.3107 -124.8 -1006.6 10066
330 40.3156 -124.81 -2013.2 9059.41
331 40.3156 -124.81 -3019.8 9059.41
332 40.3107 -124.8 -2013.2 10066
333 40.3156 -124.81 -3019.8 9059.41
334 40.3156 -124.81 -4026.4 9059.41
335 40.3107 -124.8 -3019.8 10066
336 40.3156 -124.81 -4026.4 9059.41
337 40.3156 -124.81 -5033 9059.41
338 40.3107 -124.8 -4026.4 10066
339 40.3156 -124.81 -5033 9059.41
340 40.3156 -124.81 -6039.61 9059.41
341 40.3107 -124.8 -5033 10066
342 40.3156 -124.81 -6039.61 9059.41
343 40.3156 -124.81 -7046.21 9059.41
344 40.3107 -124.8 -6039.61 10066
345 40.3156 -124.81 -7046.21 9059.41
346 40.3156 -124.81 -8052.81 9059.41
347 40.3107 -124.8 -7046.21 10066
348 40.3156 -124.81 -8052.81 9059.41
349 40.3156 -124.81 -9059.41 9059.41
350 40.3107 -124.8 -8052.81 10066
351 40.3156 -124.81 -9059.41 9059.41
352 40.3156 -124.81 -10066 9059.41
353 40.3107 -124.8 -9059.41 10066
354 40.3156 -124.81 -10066 9059.41
355 40.3156 -124.81 -11072.6 9059.41
356 40.3107 -124.8 -10066 10066
357 40.3156 -124.81 -11072.6 9059.41
358 40.3156 -124.81 -12079.2 9059.41
359 40.3107 -124.8 -11072.6 10066
360 40.3107 -124.8 0 10066
361 40.3107 -124.8 -1006.6 10066
362 40.3059 -124.79 0 11072.6
363 40.3107 -124.8 -1006.6 10066
364 40.3107 -124.8 -2013.2 10066
365 40.3059 -124.79 -1006.6 11072.6
366 40.3107 -124.8 -2013.2 10066
367 40.3107 -124.8 -3019.8 10066
368 40.3059 -124.79 -2013.2 11072.6
369 40.3107 -124.8 -3019.8 10066
370 40.3107 -124.8 -4026.4 10066
371 40.3059 -124.79 -3019.8 11072.6
372 40.3107 -124.8 -4026.4 10066
373 40.3107 -124.8 -5033 10066
374 40.3059 -124.79 -4026.4 11072.6
375 40.3107 -124.8 -5033 10066
376 40.3107 -124.8 -6039.61 10066
377 40.3059 -124.79 -5033 11072.6
378 40.3107 -124.8 -6039.61 10066
379 40.3107 -124.8 -7046.21 10066
380 40.3059 -124.79 -6039.61 11072.6
381 40.3107 -124.8 -7046.21 10066
382 40.3107 -124.8 -8052.81 10066
383 40.3059 -124.79 -7046.21 11072.6
384 40.3107 -124.8 -8052.81 10066
385 40.3107 -124.8 -9059.41 10066
386 40.3059 -124.79 -8052.81 11072.6
387 40.3107 -124.8 -9059.41 10066
388 40.3107 -124.8 -10066 10066
389 40.3059 -124.79 -9059.41 11072.6
390 40.3107 -124.8 -10066 10066
391 40.3107 -124.8 -11072.6 10066
392 40.3059 -124.79 -10066 11072.6
393 40.3107 -124.8 -11072.6 10066
394 40.3107 -124.8 -12079.2 10066
395 40.3059 -124.79 -11072.6 11072.6
396 40.3 -125 0 0
397 40.3026 -124.992 -670.435 0
398 40.2917 -124.995 0 1001.4
399 40.3026 -124.992 -670.435 0
400 40.3051 -124.984 -1340.87 0
401 40.2942 -124.987 -670.435 1001.4
402 40.3051 -124.984 -1340.87 0
403 40.3077 -124.976 -2011.31 0
404 40.2968 -124.979 -1340.87 1001.4
405 40.3077 -124.976 -2011.31 0
406 40.3102 -124.968 -2681.74 0
407 40.2994 -124.971 -2011.31 1001.4
408 40.3102 -124.968 -2681.74 0
409 40.3128 -124.96 -3352.18 0
410 40.3019 -124.963 -2681.74 1001.4
411 40.3128 -124.96 -3352.18 0
412 40.3154 -124.951 -4022.61 0
413 40.3045 -124.955 -3352.18 1001.4
414 40.3154 -124.951 -4022.61 0
415 40.3179 -124.943 -4693.05 0
416 40.307 -124.947 -4022.61 1001.4
417 40.3179 -124.943 -4693.05 0
418 40.3205 -124.935 -5363.48 0
419 40.3096 -124.939 -4693.05 1001.4
420 40.3205 -124.935 -5363.48 0
421 40.323 -124.927 -6033.92 0
422 40.3122 -124.931 -5363.48 1001.4
423 40.323 -124.927 -6033.92 0
424 40.3256 -124.919 -6704.35 0
425 40.3147 -124.923 -6033.92 1001.4
426 40.3256 -124.919 -6704.35 0
427 40.3282 -124.911 -7374.79 0
428 40.3173 -124.915 -6704.35 1001.4
429 40.3282 -124.911 -7374.79 0
430 40.3307 -124.903 -8045.22 0
431 40.3198 -124.907 -7374.79 1001.4
432 40.2917 -124.995 0 1001.4
433 40.2942 -124.987 -670.435 1001.4
434 40.2833 -124.991 0 2002.8
435 40.2942 -124.987 -670.435 1001.4
436 40.2968 -124.979 -1340.87 1001.4
437 40.2859 -124.983 -670.435 2002.8
438 40.2968 -124.979 -1340.87 1001.4
439 40.2994 -124.971 -2011.31 1001.4
440 40.2885 -124.975 -1340.87 2002.8
441 40.2994 -124.971 -2011.31 1001.4
442 40.3019 -124.963 -2681.74 1001.4
443 40.291 -124.967 -2011.31 2002.8
444 40.3019 -124.963 -2681.74 1001.4
445 40.3045 -124.955 -3352.18 1001.4
446 40.2936 -124.959 -2681.74 2002.8
447 40.3045 -124.955 -3352.18 1001.4
448 40.307 -124.947 -4022.61 1001.4
449 40.2961 -124.951 -3352.18 2002.8
450 40.307 -124.947 -4022.61 1001.4
451 40.3096 -124.939 -4693.05 1001.4
452 40.2987 -124.942 -4022.61 2002.8
453 40.3096 -124.939 -4693.05 1001.4
454 40.3122 -124.931 -5363.48 1001.4
455 40.3013 -124.934 -4693.05 2002.8
456 40.3122 -124.931 -5363.48 1001.4
457 40.3147 -124.923 -6033.92 1001.4
458 40.3038 -124.926 -5363.48 2002.8
459 40.3147 -124.923 -6033.92 1001.4
460 40.3173 -124.915 -6704.35 1001.4
461 40.3064 -124.918 -6033.92 2002.8
462 40.3173 -124.915 -6704.35 1001.4
463 40.3198 -124.907 -7374.79 1001.4
464 40.3089 -124.91 -6704.35 2002.8
465 40.3198 -124.907 -7374.79 1001.4
466 40.3224 -124.898 -8045.22 1001.4
467 40.3115 -124.902 -7374.79 2002.8
468 40.2833 -124.991 0 2002.8
469 40.2859 -124.983 -670.435 2002.8
470 40.275 -124.986 0 3004.2
471 40.2859 -124.983 -670.435 2002.8
472 40.2885 -124.975 -1340.87 2002.8
473 40.2776 -124.978 -670.435 3004.2
474 40.2885 -124.975 -1340.87 2002.8
475 40.291 -124.967 -2011.31 2002.8
476 40.2801 -124.97 -1340.87 3004.2
477 40.291 -124.967 -2011.31 2002.8
478 40.2936 -124.959 -2681.74 2002.8
479 40.2827 -124.962 -2011.31 3004.2
480 40.2936 -124.959 -2681.74 2002.8
481 40.2961 -124.951 -3352.18 2002.8
482 40.2852 -124.954 -2681.74 3004.2
483 40.2961 -124.951 -3352.18 2002.8
484 40.2987 -124.942 -4022.61 2002.8
485 40.2878 -124.946 -3352.18 3004.2
486 40.2987 -124.942 -4022.61 2002.8
487 40.3013 -124.934 -4693.05 2002.8
488 40.2904 -124.938 -4022.61 3004.2
489 40.3013 -124.934 -4693.05 2002.8
490 40.3038 -124.926 -5363.48 2002.8
491 40.2929 -124.93 -4693.05 3004.2
492 40.3038 -124.926 -5363.48 2002.8
493 40.3064 -124.918 -6033.92 2002.8
494 40.2955 -124.922 -5363.48 3004.2
495 40.3064 -124.918 -6033.92 2002.8
496 40.3089 -124.91 -6704.35 2002.8
497 40.298 -124.914 -6033.92 3004.2
498 40.3089 -124.91 -6704.35 2002.8
499 40.3115 -124.902 -7374.79 2002.8
500 40.3006 -124.906 -6704.35 3004.2
501 40.3115 -124.902 -7374.79 2002.8
502 40.314 -124.894 -8045.22 2002.8
503 40.3032 -124.898 -7374.79 3004.2
504 40.275 -124.986 0 3004.2
505 40.2776 -124.978 -670.435 3004.2
506 40.2667 -124.982 0 4005.59
507 40.2776 -124.978 -670.435 3004.2
508 40.2801 -124.97 -1340.87 3004.2
509 40.2692 -124.974 -670.435 4005.59
510 40.2801 -124.97 -1340.87 3004.2
511 40.2827 -124.962 -2011.31 3004.2
512 40.2718 -124.966 -1340.87 4005.59
513 40.2827 -124.962 -2011.31 3004.2
514 40.2852 -124.954 -2681.74 3004.2
515 40.2744 -124.958 -2011.31 4005.59
516 40.2852 -124.954 -2681.74 3004.2
517 40.2878 -124.946 -3352.18 3004.2
518 40.2769 -124.95 -2681.74 4005.59
519 40.2878 -124.946 -3352.18 3004.2
520 40.2904 -124.938 -4022.61 3004.2
521 40.2795 -124.942 -3352.18 4005.59
522 40.2904 -124.938 -4022.61 3004.2
523 40.2929 -124.93 -4693.05 3004.2
524 40.282 -124.933 -4022.61 4005.59
525 40.2929 -124.93 -4693.05 3004.2
526 40.2955 -124.922 -5363.48 3004.2
527 40.2846 -124.925 -4693.05 4005.59
528 40.2955 -124.922 -5363.48 3004.2
529 40.298 -124.914 -6033.92 3004.2
530 40.2871 -124.917 -5363.48 4005.59
531 40.298 -124.914 -6033.92 3004.2
532 40.3006 -124.906 -6704.35 3004.2
533 40.2897 -124.909 -6033.92 4005.59
534 40.3006 -124.906 -6704.35 3004.2
535 40.3032 -124.898 -7374.79 3004.2
536 40.2923 -124.901 -6704.35 4005.59
537 40.3032 -124.898 -7374.79 3004.2
538 40.3057 -124.889 -8045.22 3004.2
539 40.2948 -124.893 -7374.79 4005.59
540 40.2667 -124.982 0 4005.59
541 40.2692 -124.974 -670.435 4005.59
542 40.2583 -124.977 0 5006.99
543 40.2692 -124.974 -670.435 4005.59
544 40.2718 -124.966 -1340.87 4005.59
545 40.2609 -124.969 -670.435 5006.99
546 40.2718 -124.966 -1340.87 4005.59
547 40.2744 -124.958 -2011.31 4005.59
548 40.2635 -124.961 -1340.87 5006.99
549 40.2744 -124.958 -2011.31 4005.59
550 40.2769 -124.95 -2681.74 4005.59
551 40.266 -124.953 -2011.31 5006.99
552 40.2769 -124.95 -2681.74 4005.59
553 40.2795 -124.942 -3352.18 4005.59
554 40.2686 -124.945 -2681.74 5006.99
555 40.2795 -124.942 -3352.18 4005.59
556 40.282 -124.933 -4022.61 4005.59
557 40.2711 -124.937 -3352.18 5006.99
558 40.282 -124.933 -4022.61 4005.59
559 40.2846 -124.925 -4693.05 4005.59
560 40.2737 -124.929 -4022.61 5006.99
561 40.2846 -124.925 -4693.05 4005.59
562 40.2871 -124.917 -5363.48 4005.59
563 40.2763 -124.921 -4693.05 5006.99
564 40.2871 -124.917 -5363.48 4005.59
565 40.2897 -124.909 -6033.92 4005.59
566 40.2788 -124.913 -5363.48 5006.99
567 40.2897 -124.909 -6033.92 4005.59
568 40.2923 -124.901 -6704.35 4005.59
569 40.2814 -124.905 -6033.92 5006.99
570 40.2923 -124.901 -6704.35 4005.59
571 40.2948 -124.893 -7374.79 4005.59
572 40.2839 -124.897 -6704.35 5006.99
573 40.2948 -124.893 -7374.79 4005.59
574 40.2974 -124.885 -8045.22 4005.59
575 40.2865 -124.889 -7374.79 5006.99
576 40.2583 -124.977 0 5006.99
577 40.2609 -124.969 -670.435 5006.99
578 40.25 -124.973 0 6008.39
579 40.2609 -124.969 -670.435 5006.99
580 40.2635 -124.961 -1340.87 5006.99
581 40.2526 -124.965 -670.435 6008.39
582 40.2635 -124.961 -1340.87 5006.99
583 40.266 -124.953 -2011.31 5006.99
584 40.2551 -124.957 -1340.87 6008.39
585 40.266 -124.953 -2011.31 5006.99
586 40.2686 -124.945 -2681.74 5006.99
587 40.2577 -124.949 -2011.31 6008.39
588 40.2686 -124.945 -2681.74 5006.99
589 40.2711 -124.937 -3352.18 5006.99
590 40.2602 -124.941 -2681.74 6008.39
591 40.2711 -124.937 -3352.18 5006.99
592 40.2737 -124.929 -4022.61 5006.99
593 40.2628 -124.933 -3352.18 6008.39
594 40.2737 -124.929 -4022.61 5006.99
595 40.2763 -124.921 -4693.05 5006.99
596 40.2654 -124.924 -4022.61 6008.39
597 40.2763 -124.921 -4693.05 5006.99
598 40.2788 -124.913 -5363.48 5006.99
599 40.2679 -124.916 -4693.05 6008.39
600 40.2788 -124.913 -5363.48 5006.99
601 40.2814 -124.905 -6033.92 5006.99
602 40.2705 -124.908 -5363.48 6008.39
603 40.2814 -124.905 -6033.92 5006.99
604 40.2839 -124.897 -6704.35 5006.99
605 40.273 -124.9 -6033.92 6008.39
606 40.2839 -124.897 -6704.35 5006.99
607 40.2865 -124.889 -7374.79 5006.99
608 40.2756 -124.892 -6704.35 6008.39
609 40.2865 -124.889 -7374.79 5006.99
610 40.289 -124.88 -8045.22 5006.99
611 40.2781 -124.884 -7374.79 6008.39
612 40.25 -124.973 0 6008.39
613 40.2526 -124.965 -670.435 6008.39
614 40.2417 -124.968 0 7009.79
615 40.2526 -124.965 -670.435 6008.39
616 40.2551 -124.957 -1340.87 6008.39
617 40.2442 -124.96 -670.435 7009.79
618 40.2551 -124.957 -1340.87 6008.39
619 40.2577 -124.949 -2011.31 6008.39
620 40.2468 -124.952 -1340.87 7009.79
621 40.2577 -124.949 -2011.31 6008.39
622 40.2602 -124.941 -2681.74 6008.39
623 40.2494 -124.944 -2011.31 7009.79
624 40.2602 -124.941 -2681.74 6008.39
625 40.2628 -124.933 -3352.18 6008.39
626 40.2519 -124.936 -2681.74 7009.79
627 40.2628 -124.933 -3352.18 6008.39
628 40.2654 -124.924 -4022.61 6008.39
629 40.2545 -124.928 -3352.18 7009.79
630 40.2654 -124.924 -4022.61 6008.39
631 40.2679 -124.916 -4693.05 6008.39
632 40.257 -124.92 -4022.61 7009.79
633 40.2679 -124.916 -4693.05 6008.39
634 40.2705 -124.908 -5363.48 6008.39
635 40.2596 -124.912 -4693.05 7009.79
636 40.2705 -124.908 -5363.48 6008.39
637 40.273 -124.9 -6033.92 6008.39
638 40.2621 -124.904 -5363.48 7009.79
639 40.273 -124.9 -6033.92 6008.39
640 40.2756 -124.892 -6704.35 6008.39
641 40.2647 -124.896 -6033.92 7009.79
642 40.2756 -124.892 -6704.35 6008.39
643 40.2781 -124.884 -7374.79 6008.39
644 40.2673 -124.888 -6704.35 7009.79
645 40.2781 -124.884 -7374.79 6008.39
646 40.2807 -124.876 -8045.22 6008.39
647 40.2698 -124.88 -7374.79 7009.79
648 40.2417 -124.968 0 7009.79
649 40.2442 -124.96 -670.435 7009.79
650 40.2333 -124.964 0 8011.19
651 40.2442 -124.96 -670.435 7009.79
652 40.2468 -124.952 -1340.87 7009.79
653 40.2359 -124.956 -670.435 8011.19
654 40.2468 -124.952 -1340.87 7009.79
655 40.2494 -124.944 -2011.31 7009.79
656 40.2385 -124.948 -1340.87 8011.19
657 40.2494 -124.944 -2011.31 7009.79
658 40.2519 -124.936 -2681.74 7009.79
659 40.241 -124.94 -2011.31 8011.19
660 40.2519 -124.936 -2681.74 7009.79
661 40.2545 -124.928 -3352.18 7009.79
662 40.2436 -124.932 -2681.74 8011.19
663 40.2545 -124.928 -3352.18 7009.79
664 40.257 -124.92 -4022.61 7009.79
665 40.2461 -124.924 -3352.18 8011.19
666 40.257 -124.92 -4022.61 7009.79
667 40.2596 -124.912 -4693.05 7009.79
668 40.2487 -124.916 -4022.61 8011.19
669 40.2596 -124.912 -4693.05 7009.79
670 40.2621 -124.904 -5363.48 7009.79
671 40.2512 -124.907 -4693.05 8011.19
672 40.2621 -124.904 -5363.48 7009.79
673 40.2647 -124.896 -6033.92 7009.79
674 40.2538 -124.899 -5363.48 8011.19
675 40.2647 -124.896 -6033.92 7009.79
676 40.2673 -124.888 -6704.35 7009.79
677 40.2564 -124.891 -6033.92 8011.19
678 40.2673 -124.888 -6704.35 7009.79
679 40.2698 -124.88 -7374.79 7009.79
680 40.2589 -124.883 -6704.35 8011.19
681 40.2698 -124.88 -7374.79 7009.79
682 40.2724 -124.872 -8045.22 7009.79
683 40.2615 -124.875 -7374.79 8011.19
684 40.2333 -124.964 0 8011.19
685 40.2359 -124.956 -670.435 8011.19
686 40.225 -124.959 0 9012.59
687 40.2359 -124.956 -670.435 8011.19
688 40.2385 -124.948 -1340.87 8011.19
689 40.2276 -124.951 -670.435 9012.59
690 40.2385 -124.948 -1340.87 8011.19
691 40.241 -124.94 -2011.31 8011.19
692 40.2301 -124.943 -1340.87 9012.59
693 40.241 -124.94 -2011.31 8011.19
694 40.2436 -124.932 -2681.74 8011.19
695 40.2327 -124.935 -2011.31 9012.59
696 40.2436 -124.932 -2681.74 8011.19
697 40.2461 -124.924 -3352.18 8011.19
698 40.2352 -124.927 -2681.74 9012.59
699 40.2461 -124.924 -3352.18 8011.19
700 40.2487 -124.916 -4022.61 8011.19
701 40.2378 -124.919 -3352.18 9012.59
702 40.2487 -124.916 -4022.61 8011.19
703 40.2512 -124.907 -4693.05 8011.19
704 40.2404 -124.911 -4022.61 9012.59
705 40.2512 -124.907 -4693.05 8011.19
706 40.2538 -124.899 -5363.48 8011.19
707 40.2429 -124.903 -4693.05 9012.59
708 40.2538 -124.899 -5363.48 8011.19
709 40.2564 -124.891 -6033.92 8011.19
710 40.2455 -124.895 -5363.48 9012.59
711 40.2564 -124.891 -6033.92 8011.19
712 40.2589 -124.883 -6704.35 8011.19
713 40.248 -124.887 -6033.92 9012.59
714 40.2589 -124.883 -6704.35 8011.19
715 40.2615 -124.875 -7374.79 8011.19
716 40.2506 -124.879 -6704.35 9012.59
717 40.2615 -124.875 -7374.79 8011.19
718 40.264 -124.867 -8045.22 8011.19
719 40.2531 -124.871 -7374.79 9012.59
720 40.225 -124.959 0 9012.59
721 40.2276 -124.951 -670.435 9012.59
722 40.2167 -124.955 0 10014
723 40.2276 -124.951 -670.435 9012.59
724 40.2301 -124.943 -1340.87 9012.59
725 40.2192 -124.947 -670.435 10014
726 40.2301 -124.943 -1340.87 9012.59
727 40.2327 -124.935 -2011.31 9012.59
728 40.2218 -124.939 -1340.87 10014
729 40.2327 -124.935 -2011.31 9012.59
730 40.2352 -124.927 -2681.74 9012.59
731 40.2243 -124.931 -2011.31 10014
732 40.2352 -124.927 -2681.74 9012.59
733 40.2378 -124.919 -3352.18 9012.59
734 40.2269 -124.923 -2681.74 10014
735 40.2378 -124.919 -3352.18 9012.59
736 40.2404 -124.911 -4022.61 9012.59
737 40.2295 -124.915 -3352.18 10014
738 40.2404 -124.911 -4022.61 9012.59
739 40.2429 -124.903 -4693.05 9012.59
740 40.232 -124.907 -4022.61 10014
741 40.2429 -124.903 -4693.05 9012.59
742 40.2455 -124.895 -5363.48 9012.59
743 40.2346 -124.898 -4693.05 10014
744 40.2455 -124.895 -5363.48 9012.59
745 40.248 -124.887 -6033.92 9012.59
746 40.2371 -124.89 -5363.48 10014
747 40.248 -124.887 -6033.92 9012.59
748 40.2506 -124.879 -6704.35 9012.59
749 40.2397 -124.882 -6033.92 10014
750 40.2506 -124.879 -6704.35 9012.59
751 40.2531 -124.871 -7374.79 9012.59
752 40.2422 -124.874 -6704.35 10014
753 40.2531 -124.871 -7374.79 9012.59
754 40.2557 -124.863 -8045.22 9012.59
755 40.2448 -124.866 -7374.79 10014
756 40.2167 -124.955 0 10014
757 40.2192 -124.947 -670.435 10014
758 40.2083 -124.95 0 11015.4
759 40.2192 -124.947 -670.435 10014
760 40.2218 -124.939 -1340.87 10014
761 40.2109 -124.942 -670.435 11015.4
762 40.2218 -124.939 -1340.87 10014
763 40.2243 -124.931 -2011.31 10014
764 40.2135 -124.934 -1340.87 11015.4
765 40.2243 -124.931 -2011.31 10014
766 40.2269 -124.923 -2681.74 10014
767 40.216 -124.926 -2011.31 11015.4
768 40.2269 -124.923 -2681.74 10014
769 40.2295 -124.915 -3352.18 10014
770 40.2186 -124.918 -2681.74 11015.4
771 40.2295 -124.915 -3352.18 10014
772 40.232 -124.907 -4022.61 10014
773 40.2211 -124.91 -3352.18 11015.4
774 40.232 -124.907 -4022.61 10014
775 40.2346 -124.898 -4693.05 10014
776 40.2237 -124.902 -4022.61 11015.4
777 40.2346 -124.898 -4693.05 10014
778 40.2371 -124.89 -5363.48 10014
779 40.2262 -124.894 -4693.05 11015.4
780 40.2371 -124.89 -5363.48 10014
781 40.2397 -124.882 -6033.92 10014
782 40.2288 -124.886 -5363.48 11015.4
783 40.2397 -124.882 -6033.92 10014
784 40.2422 -124.874 -6704.35 10014
785 40.2313 -124.878 -6033.92 11015.4
786 40.2422 -124.874 -6704.35 10014
787 40.2448 -124.866 -7374.79 10014
788 40.2339 -124.87 -6704.35 11015.4
789 40.2448 -124.866 -7374.79 10014
790 40.2473 -124.858 -8045.22 10014
791 40.2365 -124.862 -7374.79 11015.4
792 40.2083 -124.95 0 11015.4
793 40.2109 -124.942 -670.435 11015.4
794 40.2 -124.946 0 12016.8
795 40.2109 -124.942 -670.435 11015.4
796 40.2135 -124.934 -1340.87 11015.4
797 40.2026 -124.938 -670.435 12016.8
798 40.2135 -124.934 -1340.87 11015.4
799 40.216 -124.926 -2011.31 11015.4
800 40.2051 -124.93 -1340.87 12016.8
801 40.216 -124.926 -2011.31 11015.4
802 40.2186 -124.918 -2681.74 11015.4
803 40.2077 -124.922 -2011.31 12016.8
804 40.2186 -124.918 -2681.74 11015.4
805 40.2211 -124.91 -3352.18 11015.4
806 40.2102 -124.914 -2681.74 12016.8
807 40.2211 -124.91 -3352.18 11015.4
808 40.2237 -124.902 -4022.61 11015.4
809 40.2128 -124.906 -3352.18 12016.8
810 40.2237 -124.902 -4022.61 11015.4
811 40.2262 -124.894 -4693.05 11015.4
812 40.2153 -124.898 -4022.61 12016.8
813 40.2262 -124.894 -4693.05 11015.4
814 40.2288 -124.886 -5363.48 11015.4
815 40.2179 -124.889 -4693.05 12016.8
816 40.2288 -124.886 -5363.48 11015.4
817 40.2313 -124.878 -6033.92 11015.4
818 40.2205 -124.881 -5363.48 12016.8
819 40.2313 -124.878 -6033.92 11015.4
820 40.2339 -124.87 -6704.35 11015.4
821 40.223 -124.873 -6033.92 12016.8
822 40.2339 -124.87 -6704.35 11015.4
823 40.2365 -124.862 -7374.79 11015.4
824 40.2256 -124.865 -6704.35 12016.8
825 40.2365 -124.862 -7374.79 11015.4
826 40.239 -124.854 -8045.22 11015.4
827 40.2281 -124.857 -7374.79 12016.8
