101 EQSim_Input_Friction_2 1
111 Fault friction from Ward All-California model
102 End_Metadata
120 200 summary 4    Record 200: Fault friction summary
121 1 n_element 1    Field 1: Total number of elements in the file
121 2 elastic_flag 1    Field 2: 1 if elastic parameters (record 201) are included, 0 if not
121 3 strength_flag 1    Field 3: 1 if fault strength (record 202) is included, 0 if not
121 4 rate_state_flag 1    Field 4: 1 if rate-state parameters (record 203) are included, 0 if not
120 201 elastic_param 2    Record 201: Elastic parameters
121 1 lame_lambda 2    Field 1: Lame modulus lambda (Pascal)
121 2 lame_mu 2    Field 2: Lame modulus mu, also known as the shear modulus (Pascal)
120 202 fault_strength 3    Record 202: Fault strength
121 1 index 1    Field 1: Element index number (consecutive integers, starting with 1)
121 2 static_strength 2    Field 2: Element static yield strength (Pascal)
121 3 dynamic_strength 2    Field 3: Element dynamic sliding strength (Pascal)
120 203 rate_state 6    Record 203: Rate-state parameters
121 1 index 1    Field 1: Element index number (consecutive integers, starting with 1)
121 2 A 2    Field 2: Element rate-state parameter A
121 3 B 2    Field 3: Element rate-state parameter B
121 4 L 2    Field 4: Element rate-state characteristic distance L (meters)
121 5 f0 2    Field 5: Element rate-state friction coefficient f0
121 6 V0 2    Field 6: Element rate-state reference velocity V0 (meters/second)
103 End_Descriptor
200 804 1 1 0
201  3.200000e+010  3.000000e+010
202 877  5.045000e+006  0.000000e+000
202 878  5.045000e+006  0.000000e+000
202 879  5.045000e+006  0.000000e+000
202 880  5.045000e+006  0.000000e+000
202 881  5.045000e+006  0.000000e+000
202 882  5.045000e+006  0.000000e+000
202 883  5.045000e+006  0.000000e+000
202 884  5.045000e+006  0.000000e+000
202 885  5.045000e+006  0.000000e+000
202 886  5.045000e+006  0.000000e+000
202 887  5.045000e+006  0.000000e+000
202 888  5.045000e+006  0.000000e+000
202 889  5.045000e+006  0.000000e+000
202 890  5.045000e+006  0.000000e+000
202 891  5.045000e+006  0.000000e+000
202 892  5.045000e+006  0.000000e+000
202 893  5.045000e+006  0.000000e+000
202 894  5.045000e+006  0.000000e+000
202 895  5.045000e+006  0.000000e+000
202 896  5.045000e+006  0.000000e+000
202 897  5.045000e+006  0.000000e+000
202 898  5.045000e+006  0.000000e+000
202 899  5.045000e+006  0.000000e+000
202 900  5.045000e+006  0.000000e+000
202 901  5.045000e+006  0.000000e+000
202 902  5.045000e+006  0.000000e+000
202 903  5.045000e+006  0.000000e+000
202 904  5.045000e+006  0.000000e+000
202 905  5.045000e+006  0.000000e+000
202 906  5.045000e+006  0.000000e+000
202 907  5.045000e+006  0.000000e+000
202 908  5.045000e+006  0.000000e+000
202 909  5.045000e+006  0.000000e+000
202 910  5.045000e+006  0.000000e+000
202 911  5.045000e+006  0.000000e+000
202 912  5.045000e+006  0.000000e+000
202 913  5.045000e+006  0.000000e+000
202 914  5.045000e+006  0.000000e+000
202 915  5.045000e+006  0.000000e+000
202 916  5.045000e+006  0.000000e+000
202 917  5.045000e+006  0.000000e+000
202 918  5.045000e+006  0.000000e+000
202 919  5.045000e+006  0.000000e+000
202 920  5.045000e+006  0.000000e+000
202 921  5.045000e+006  0.000000e+000
202 922  5.045000e+006  0.000000e+000
202 923  5.045000e+006  0.000000e+000
202 924  5.045000e+006  0.000000e+000
202 925  4.028100e+007  0.000000e+000
202 926  4.028100e+007  0.000000e+000
202 927  4.028100e+007  0.000000e+000
202 928  4.028100e+007  0.000000e+000
202 929  4.028100e+007  0.000000e+000
202 930  4.028100e+007  0.000000e+000
202 931  4.028100e+007  0.000000e+000
202 932  4.028100e+007  0.000000e+000
202 933  4.028100e+007  0.000000e+000
202 934  4.028100e+007  0.000000e+000
202 935  4.028100e+007  0.000000e+000
202 936  4.028100e+007  0.000000e+000
202 937  4.028100e+007  0.000000e+000
202 938  4.028100e+007  0.000000e+000
202 939  4.028100e+007  0.000000e+000
202 940  4.028100e+007  0.000000e+000
202 941  4.028100e+007  0.000000e+000
202 942  4.028100e+007  0.000000e+000
202 943  4.028100e+007  0.000000e+000
202 944  4.028100e+007  0.000000e+000
202 945  4.028100e+007  0.000000e+000
202 946  4.028100e+007  0.000000e+000
202 947  4.028100e+007  0.000000e+000
202 948  4.028100e+007  0.000000e+000
202 949  4.028100e+007  0.000000e+000
202 950  4.028100e+007  0.000000e+000
202 951  4.028100e+007  0.000000e+000
202 952  4.028100e+007  0.000000e+000
202 953  4.028100e+007  0.000000e+000
202 954  4.028100e+007  0.000000e+000
202 955  4.028100e+007  0.000000e+000
202 956  4.028100e+007  0.000000e+000
202 957  4.028100e+007  0.000000e+000
202 958  4.028100e+007  0.000000e+000
202 959  4.028100e+007  0.000000e+000
202 960  4.028100e+007  0.000000e+000
202 961  4.028100e+007  0.000000e+000
202 962  4.028100e+007  0.000000e+000
202 963  4.028100e+007  0.000000e+000
202 964  4.028100e+007  0.000000e+000
202 965  4.028100e+007  0.000000e+000
202 966  4.028100e+007  0.000000e+000
202 967  4.028100e+007  0.000000e+000
202 968  4.028100e+007  0.000000e+000
202 969  4.028100e+007  0.000000e+000
202 970  4.028100e+007  0.000000e+000
202 971  4.028100e+007  0.000000e+000
202 972  4.028100e+007  0.000000e+000
202 973  4.028100e+007  0.000000e+000
202 974  4.028100e+007  0.000000e+000
202 975  4.028100e+007  0.000000e+000
202 976  4.028100e+007  0.000000e+000
202 977  4.028100e+007  0.000000e+000
202 978  4.028100e+007  0.000000e+000
202 979  4.028100e+007  0.000000e+000
202 980  4.028100e+007  0.000000e+000
202 981  4.028100e+007  0.000000e+000
202 982  4.028100e+007  0.000000e+000
202 983  4.028100e+007  0.000000e+000
202 984  4.028100e+007  0.000000e+000
202 985  4.028100e+007  0.000000e+000
202 986  4.028100e+007  0.000000e+000
202 987  4.028100e+007  0.000000e+000
202 988  4.028100e+007  0.000000e+000
202 989  4.028100e+007  0.000000e+000
202 990  4.028100e+007  0.000000e+000
202 991  4.028100e+007  0.000000e+000
202 992  4.028100e+007  0.000000e+000
202 993  4.028100e+007  0.000000e+000
202 994  4.028100e+007  0.000000e+000
202 995  4.028100e+007  0.000000e+000
202 996  4.028100e+007  0.000000e+000
202 997  4.028100e+007  0.000000e+000
202 998  4.028100e+007  0.000000e+000
202 999  4.028100e+007  0.000000e+000
202 1000  4.028100e+007  0.000000e+000
202 1001  4.028100e+007  0.000000e+000
202 1002  4.028100e+007  0.000000e+000
202 1003  4.028100e+007  0.000000e+000
202 1004  4.028100e+007  0.000000e+000
202 1005  4.028100e+007  0.000000e+000
202 1006  4.028100e+007  0.000000e+000
202 1007  4.028100e+007  0.000000e+000
202 1008  4.028100e+007  0.000000e+000
202 1009  4.562200e+007  0.000000e+000
202 1010  4.562200e+007  0.000000e+000
202 1011  4.562200e+007  0.000000e+000
202 1012  4.562200e+007  0.000000e+000
202 1013  4.562200e+007  0.000000e+000
202 1014  4.562200e+007  0.000000e+000
202 1015  4.562200e+007  0.000000e+000
202 1016  4.562200e+007  0.000000e+000
202 1017  4.562200e+007  0.000000e+000
202 1018  4.562200e+007  0.000000e+000
202 1019  4.562200e+007  0.000000e+000
202 1020  4.562200e+007  0.000000e+000
202 1021  4.562200e+007  0.000000e+000
202 1022  4.562200e+007  0.000000e+000
202 1023  4.562200e+007  0.000000e+000
202 1024  4.562200e+007  0.000000e+000
202 1025  4.562200e+007  0.000000e+000
202 1026  4.562200e+007  0.000000e+000
202 1027  4.562200e+007  0.000000e+000
202 1028  4.562200e+007  0.000000e+000
202 1029  4.562200e+007  0.000000e+000
202 1030  4.562200e+007  0.000000e+000
202 1031  4.562200e+007  0.000000e+000
202 1032  4.562200e+007  0.000000e+000
202 1033  4.562200e+007  0.000000e+000
202 1034  4.562200e+007  0.000000e+000
202 1035  4.562200e+007  0.000000e+000
202 1036  4.562200e+007  0.000000e+000
202 1037  4.562200e+007  0.000000e+000
202 1038  4.562200e+007  0.000000e+000
202 1039  4.562200e+007  0.000000e+000
202 1040  4.562200e+007  0.000000e+000
202 1041  4.562200e+007  0.000000e+000
202 1042  4.562200e+007  0.000000e+000
202 1043  4.562200e+007  0.000000e+000
202 1044  4.562200e+007  0.000000e+000
202 1045  4.562200e+007  0.000000e+000
202 1046  4.562200e+007  0.000000e+000
202 1047  4.562200e+007  0.000000e+000
202 1048  4.562200e+007  0.000000e+000
202 1049  4.562200e+007  0.000000e+000
202 1050  4.562200e+007  0.000000e+000
202 1051  4.562200e+007  0.000000e+000
202 1052  4.562200e+007  0.000000e+000
202 1053  4.562200e+007  0.000000e+000
202 1054  4.562200e+007  0.000000e+000
202 1055  4.562200e+007  0.000000e+000
202 1056  4.562200e+007  0.000000e+000
202 1057  4.562200e+007  0.000000e+000
202 1058  4.562200e+007  0.000000e+000
202 1059  4.562200e+007  0.000000e+000
202 1060  4.562200e+007  0.000000e+000
202 1061  4.562200e+007  0.000000e+000
202 1062  4.562200e+007  0.000000e+000
202 1063  4.562200e+007  0.000000e+000
202 1064  4.562200e+007  0.000000e+000
202 1065  4.562200e+007  0.000000e+000
202 1066  4.562200e+007  0.000000e+000
202 1067  4.562200e+007  0.000000e+000
202 1068  4.562200e+007  0.000000e+000
202 1069  4.562200e+007  0.000000e+000
202 1070  4.562200e+007  0.000000e+000
202 1071  4.562200e+007  0.000000e+000
202 1072  4.562200e+007  0.000000e+000
202 1073  4.562200e+007  0.000000e+000
202 1074  4.562200e+007  0.000000e+000
202 1075  4.562200e+007  0.000000e+000
202 1076  4.562200e+007  0.000000e+000
202 1077  4.562200e+007  0.000000e+000
202 1078  4.562200e+007  0.000000e+000
202 1079  4.562200e+007  0.000000e+000
202 1080  4.562200e+007  0.000000e+000
202 1081  4.562200e+007  0.000000e+000
202 1082  4.562200e+007  0.000000e+000
202 1083  4.562200e+007  0.000000e+000
202 1084  4.562200e+007  0.000000e+000
202 1085  4.562200e+007  0.000000e+000
202 1086  4.562200e+007  0.000000e+000
202 1087  4.562200e+007  0.000000e+000
202 1088  4.562200e+007  0.000000e+000
202 1089  4.562200e+007  0.000000e+000
202 1090  4.562200e+007  0.000000e+000
202 1091  4.562200e+007  0.000000e+000
202 1092  4.562200e+007  0.000000e+000
202 1093  4.562200e+007  0.000000e+000
202 1094  4.562200e+007  0.000000e+000
202 1095  4.562200e+007  0.000000e+000
202 1096  4.562200e+007  0.000000e+000
202 1097  4.562200e+007  0.000000e+000
202 1098  4.562200e+007  0.000000e+000
202 1099  4.562200e+007  0.000000e+000
202 1100  4.562200e+007  0.000000e+000
202 1101  4.562200e+007  0.000000e+000
202 1102  4.562200e+007  0.000000e+000
202 1103  4.562200e+007  0.000000e+000
202 1104  4.562200e+007  0.000000e+000
202 1105  4.562200e+007  0.000000e+000
202 1106  4.562200e+007  0.000000e+000
202 1107  4.562200e+007  0.000000e+000
202 1108  4.562200e+007  0.000000e+000
202 1109  4.562200e+007  0.000000e+000
202 1110  4.562200e+007  0.000000e+000
202 1111  4.562200e+007  0.000000e+000
202 1112  4.562200e+007  0.000000e+000
202 1113  4.562200e+007  0.000000e+000
202 1114  4.562200e+007  0.000000e+000
202 1115  4.562200e+007  0.000000e+000
202 1116  4.562200e+007  0.000000e+000
202 1117  4.562200e+007  0.000000e+000
202 1118  4.562200e+007  0.000000e+000
202 1119  4.562200e+007  0.000000e+000
202 1120  4.562200e+007  0.000000e+000
202 1121  4.562200e+007  0.000000e+000
202 1122  4.562200e+007  0.000000e+000
202 1123  4.562200e+007  0.000000e+000
202 1124  4.562200e+007  0.000000e+000
202 1125  4.562200e+007  0.000000e+000
202 1126  4.562200e+007  0.000000e+000
202 1127  4.562200e+007  0.000000e+000
202 1128  4.562200e+007  0.000000e+000
202 1129  4.562200e+007  0.000000e+000
202 1130  4.562200e+007  0.000000e+000
202 1131  4.562200e+007  0.000000e+000
202 1132  4.562200e+007  0.000000e+000
202 1133  4.562200e+007  0.000000e+000
202 1134  4.562200e+007  0.000000e+000
202 1135  4.562200e+007  0.000000e+000
202 1136  4.562200e+007  0.000000e+000
202 1137  4.562200e+007  0.000000e+000
202 1138  4.562200e+007  0.000000e+000
202 1139  4.562200e+007  0.000000e+000
202 1140  4.562200e+007  0.000000e+000
202 1141  4.562200e+007  0.000000e+000
202 1142  4.562200e+007  0.000000e+000
202 1143  4.562200e+007  0.000000e+000
202 1144  4.562200e+007  0.000000e+000
202 1145  4.562200e+007  0.000000e+000
202 1146  4.562200e+007  0.000000e+000
202 1147  4.562200e+007  0.000000e+000
202 1148  4.562200e+007  0.000000e+000
202 1149  4.562200e+007  0.000000e+000
202 1150  4.562200e+007  0.000000e+000
202 1151  4.562200e+007  0.000000e+000
202 1152  4.562200e+007  0.000000e+000
202 1153  4.562200e+007  0.000000e+000
202 1154  4.562200e+007  0.000000e+000
202 1155  4.562200e+007  0.000000e+000
202 1156  4.562200e+007  0.000000e+000
202 1157  4.562200e+007  0.000000e+000
202 1158  4.562200e+007  0.000000e+000
202 1159  4.562200e+007  0.000000e+000
202 1160  4.562200e+007  0.000000e+000
202 1161  4.562200e+007  0.000000e+000
202 1162  4.562200e+007  0.000000e+000
202 1163  4.562200e+007  0.000000e+000
202 1164  4.562200e+007  0.000000e+000
202 1165  4.562200e+007  0.000000e+000
202 1166  4.562200e+007  0.000000e+000
202 1167  4.562200e+007  0.000000e+000
202 1168  4.562200e+007  0.000000e+000
202 1169  4.562200e+007  0.000000e+000
202 1170  4.562200e+007  0.000000e+000
202 1171  4.562200e+007  0.000000e+000
202 1172  4.562200e+007  0.000000e+000
202 1173  4.562200e+007  0.000000e+000
202 1174  4.562200e+007  0.000000e+000
202 1175  4.562200e+007  0.000000e+000
202 1176  4.562200e+007  0.000000e+000
202 1177  4.562200e+007  0.000000e+000
202 1178  4.562200e+007  0.000000e+000
202 1179  4.562200e+007  0.000000e+000
202 1180  4.562200e+007  0.000000e+000
202 1181  4.562200e+007  0.000000e+000
202 1182  4.562200e+007  0.000000e+000
202 1183  4.562200e+007  0.000000e+000
202 1184  4.562200e+007  0.000000e+000
202 1185  4.562200e+007  0.000000e+000
202 1186  4.562200e+007  0.000000e+000
202 1187  4.562200e+007  0.000000e+000
202 1188  4.562200e+007  0.000000e+000
202 1189  4.562200e+007  0.000000e+000
202 1190  4.562200e+007  0.000000e+000
202 1191  4.562200e+007  0.000000e+000
202 1192  4.562200e+007  0.000000e+000
202 1193  4.562200e+007  0.000000e+000
202 1194  4.562200e+007  0.000000e+000
202 1195  4.562200e+007  0.000000e+000
202 1196  4.562200e+007  0.000000e+000
202 1197  4.562200e+007  0.000000e+000
202 1198  4.562200e+007  0.000000e+000
202 1199  4.562200e+007  0.000000e+000
202 1200  4.562200e+007  0.000000e+000
202 1201  4.562200e+007  0.000000e+000
202 1202  4.562200e+007  0.000000e+000
202 1203  4.562200e+007  0.000000e+000
202 1204  4.562200e+007  0.000000e+000
202 1205  1.733600e+007  0.000000e+000
202 1206  1.733600e+007  0.000000e+000
202 1207  1.733600e+007  0.000000e+000
202 1208  1.733600e+007  0.000000e+000
202 1209  1.733600e+007  0.000000e+000
202 1210  1.733600e+007  0.000000e+000
202 1211  1.733600e+007  0.000000e+000
202 1212  1.733600e+007  0.000000e+000
202 1213  1.733600e+007  0.000000e+000
202 1214  1.733600e+007  0.000000e+000
202 1215  1.733600e+007  0.000000e+000
202 1216  1.733600e+007  0.000000e+000
202 1217  1.733600e+007  0.000000e+000
202 1218  1.733600e+007  0.000000e+000
202 1219  1.733600e+007  0.000000e+000
202 1220  1.733600e+007  0.000000e+000
202 1221  1.733600e+007  0.000000e+000
202 1222  1.733600e+007  0.000000e+000
202 1223  1.733600e+007  0.000000e+000
202 1224  1.733600e+007  0.000000e+000
202 1225  1.733600e+007  0.000000e+000
202 1226  1.733600e+007  0.000000e+000
202 1227  1.733600e+007  0.000000e+000
202 1228  1.733600e+007  0.000000e+000
202 1229  1.733600e+007  0.000000e+000
202 1230  1.733600e+007  0.000000e+000
202 1231  1.733600e+007  0.000000e+000
202 1232  1.733600e+007  0.000000e+000
202 1233  1.733600e+007  0.000000e+000
202 1234  1.733600e+007  0.000000e+000
202 1235  1.733600e+007  0.000000e+000
202 1236  1.733600e+007  0.000000e+000
202 1237  1.733600e+007  0.000000e+000
202 1238  1.733600e+007  0.000000e+000
202 1239  1.733600e+007  0.000000e+000
202 1240  1.733600e+007  0.000000e+000
202 1241  1.733600e+007  0.000000e+000
202 1242  1.733600e+007  0.000000e+000
202 1243  1.733600e+007  0.000000e+000
202 1244  1.733600e+007  0.000000e+000
202 1245  1.733600e+007  0.000000e+000
202 1246  1.733600e+007  0.000000e+000
202 1247  1.733600e+007  0.000000e+000
202 1248  1.733600e+007  0.000000e+000
202 1249  1.733600e+007  0.000000e+000
202 1250  1.733600e+007  0.000000e+000
202 1251  1.733600e+007  0.000000e+000
202 1252  1.733600e+007  0.000000e+000
202 1253  1.733600e+007  0.000000e+000
202 1254  1.733600e+007  0.000000e+000
202 1255  1.733600e+007  0.000000e+000
202 1256  1.733600e+007  0.000000e+000
202 1257  1.733600e+007  0.000000e+000
202 1258  1.733600e+007  0.000000e+000
202 1259  1.733600e+007  0.000000e+000
202 1260  1.733600e+007  0.000000e+000
202 1261  1.733600e+007  0.000000e+000
202 1262  1.733600e+007  0.000000e+000
202 1263  1.733600e+007  0.000000e+000
202 1264  1.733600e+007  0.000000e+000
202 1265  1.733600e+007  0.000000e+000
202 1266  1.733600e+007  0.000000e+000
202 1267  1.733600e+007  0.000000e+000
202 1268  1.733600e+007  0.000000e+000
202 1269  1.733600e+007  0.000000e+000
202 1270  1.733600e+007  0.000000e+000
202 1271  1.733600e+007  0.000000e+000
202 1272  1.733600e+007  0.000000e+000
202 1273  1.733600e+007  0.000000e+000
202 1274  1.733600e+007  0.000000e+000
202 1275  1.733600e+007  0.000000e+000
202 1276  1.733600e+007  0.000000e+000
202 1277  1.733600e+007  0.000000e+000
202 1278  1.733600e+007  0.000000e+000
202 1279  1.733600e+007  0.000000e+000
202 1280  1.733600e+007  0.000000e+000
202 1281  1.733600e+007  0.000000e+000
202 1282  1.733600e+007  0.000000e+000
202 1283  1.733600e+007  0.000000e+000
202 1284  1.733600e+007  0.000000e+000
202 1285  1.733600e+007  0.000000e+000
202 1286  1.733600e+007  0.000000e+000
202 1287  1.733600e+007  0.000000e+000
202 1288  1.733600e+007  0.000000e+000
202 1289  1.733600e+007  0.000000e+000
202 1290  1.733600e+007  0.000000e+000
202 1291  1.733600e+007  0.000000e+000
202 1292  1.733600e+007  0.000000e+000
202 1293  1.733600e+007  0.000000e+000
202 1294  1.733600e+007  0.000000e+000
202 1295  1.733600e+007  0.000000e+000
202 1296  1.733600e+007  0.000000e+000
202 1297  1.733600e+007  0.000000e+000
202 1298  1.733600e+007  0.000000e+000
202 1299  1.733600e+007  0.000000e+000
202 1300  1.733600e+007  0.000000e+000
202 1301  1.733600e+007  0.000000e+000
202 1302  1.733600e+007  0.000000e+000
202 1303  1.733600e+007  0.000000e+000
202 1304  1.733600e+007  0.000000e+000
202 1305  1.733600e+007  0.000000e+000
202 1306  1.733600e+007  0.000000e+000
202 1307  1.733600e+007  0.000000e+000
202 1308  1.733600e+007  0.000000e+000
202 1309  1.733600e+007  0.000000e+000
202 1310  1.733600e+007  0.000000e+000
202 1311  1.733600e+007  0.000000e+000
202 1312  1.733600e+007  0.000000e+000
202 1313  1.733600e+007  0.000000e+000
202 1314  1.733600e+007  0.000000e+000
202 1315  1.733600e+007  0.000000e+000
202 1316  1.733600e+007  0.000000e+000
202 1317  1.733600e+007  0.000000e+000
202 1318  1.733600e+007  0.000000e+000
202 1319  1.733600e+007  0.000000e+000
202 1320  1.733600e+007  0.000000e+000
202 1321  1.733600e+007  0.000000e+000
202 1322  1.733600e+007  0.000000e+000
202 1323  1.733600e+007  0.000000e+000
202 1324  1.733600e+007  0.000000e+000
202 1325  1.733600e+007  0.000000e+000
202 1326  1.733600e+007  0.000000e+000
202 1327  1.733600e+007  0.000000e+000
202 1328  1.733600e+007  0.000000e+000
202 1329  1.733600e+007  0.000000e+000
202 1330  1.733600e+007  0.000000e+000
202 1331  1.733600e+007  0.000000e+000
202 1332  1.733600e+007  0.000000e+000
202 1333  1.733600e+007  0.000000e+000
202 1334  1.733600e+007  0.000000e+000
202 1335  1.733600e+007  0.000000e+000
202 1336  1.733600e+007  0.000000e+000
202 1337  2.433900e+007  0.000000e+000
202 1338  2.433900e+007  0.000000e+000
202 1339  2.433900e+007  0.000000e+000
202 1340  2.433900e+007  0.000000e+000
202 1341  2.433900e+007  0.000000e+000
202 1342  2.433900e+007  0.000000e+000
202 1343  2.433900e+007  0.000000e+000
202 1344  2.433900e+007  0.000000e+000
202 1345  2.433900e+007  0.000000e+000
202 1346  2.433900e+007  0.000000e+000
202 1347  2.433900e+007  0.000000e+000
202 1348  2.433900e+007  0.000000e+000
202 1349  2.433900e+007  0.000000e+000
202 1350  2.433900e+007  0.000000e+000
202 1351  2.433900e+007  0.000000e+000
202 1352  2.433900e+007  0.000000e+000
202 1353  2.433900e+007  0.000000e+000
202 1354  2.433900e+007  0.000000e+000
202 1355  2.433900e+007  0.000000e+000
202 1356  2.433900e+007  0.000000e+000
202 1357  2.433900e+007  0.000000e+000
202 1358  2.433900e+007  0.000000e+000
202 1359  2.433900e+007  0.000000e+000
202 1360  2.433900e+007  0.000000e+000
202 1361  2.433900e+007  0.000000e+000
202 1362  2.433900e+007  0.000000e+000
202 1363  2.433900e+007  0.000000e+000
202 1364  2.433900e+007  0.000000e+000
202 1365  2.433900e+007  0.000000e+000
202 1366  2.433900e+007  0.000000e+000
202 1367  2.433900e+007  0.000000e+000
202 1368  2.433900e+007  0.000000e+000
202 1369  2.433900e+007  0.000000e+000
202 1370  2.433900e+007  0.000000e+000
202 1371  2.433900e+007  0.000000e+000
202 1372  2.433900e+007  0.000000e+000
202 1373  2.433900e+007  0.000000e+000
202 1374  2.433900e+007  0.000000e+000
202 1375  2.433900e+007  0.000000e+000
202 1376  2.433900e+007  0.000000e+000
202 1377  2.433900e+007  0.000000e+000
202 1378  2.433900e+007  0.000000e+000
202 1379  2.433900e+007  0.000000e+000
202 1380  2.433900e+007  0.000000e+000
202 1381  2.433900e+007  0.000000e+000
202 1382  2.433900e+007  0.000000e+000
202 1383  2.433900e+007  0.000000e+000
202 1384  2.433900e+007  0.000000e+000
202 1385  2.433900e+007  0.000000e+000
202 1386  2.433900e+007  0.000000e+000
202 1387  2.433900e+007  0.000000e+000
202 1388  2.433900e+007  0.000000e+000
202 1389  2.433900e+007  0.000000e+000
202 1390  2.433900e+007  0.000000e+000
202 1391  2.433900e+007  0.000000e+000
202 1392  2.433900e+007  0.000000e+000
202 1393  2.433900e+007  0.000000e+000
202 1394  2.433900e+007  0.000000e+000
202 1395  2.433900e+007  0.000000e+000
202 1396  2.433900e+007  0.000000e+000
202 1397  2.433900e+007  0.000000e+000
202 1398  2.433900e+007  0.000000e+000
202 1399  2.433900e+007  0.000000e+000
202 1400  2.433900e+007  0.000000e+000
202 1401  2.433900e+007  0.000000e+000
202 1402  2.433900e+007  0.000000e+000
202 1403  2.433900e+007  0.000000e+000
202 1404  2.433900e+007  0.000000e+000
202 1405  2.433900e+007  0.000000e+000
202 1406  2.433900e+007  0.000000e+000
202 1407  2.433900e+007  0.000000e+000
202 1408  2.433900e+007  0.000000e+000
202 1409  2.433900e+007  0.000000e+000
202 1410  2.433900e+007  0.000000e+000
202 1411  2.433900e+007  0.000000e+000
202 1412  2.433900e+007  0.000000e+000
202 1413  2.433900e+007  0.000000e+000
202 1414  2.433900e+007  0.000000e+000
202 1415  2.433900e+007  0.000000e+000
202 1416  2.433900e+007  0.000000e+000
202 1417  2.433900e+007  0.000000e+000
202 1418  2.433900e+007  0.000000e+000
202 1419  2.433900e+007  0.000000e+000
202 1420  2.433900e+007  0.000000e+000
202 1421  2.433900e+007  0.000000e+000
202 1422  2.433900e+007  0.000000e+000
202 1423  2.433900e+007  0.000000e+000
202 1424  2.433900e+007  0.000000e+000
202 1425  2.433900e+007  0.000000e+000
202 1426  2.433900e+007  0.000000e+000
202 1427  2.433900e+007  0.000000e+000
202 1428  2.433900e+007  0.000000e+000
202 1429  2.433900e+007  0.000000e+000
202 1430  2.433900e+007  0.000000e+000
202 1431  2.433900e+007  0.000000e+000
202 1432  2.433900e+007  0.000000e+000
202 1433  2.433900e+007  0.000000e+000
202 1434  2.433900e+007  0.000000e+000
202 1435  2.433900e+007  0.000000e+000
202 1436  2.433900e+007  0.000000e+000
202 1437  2.433900e+007  0.000000e+000
202 1438  2.433900e+007  0.000000e+000
202 1439  2.433900e+007  0.000000e+000
202 1440  2.433900e+007  0.000000e+000
202 1441  2.433900e+007  0.000000e+000
202 1442  2.433900e+007  0.000000e+000
202 1443  2.433900e+007  0.000000e+000
202 1444  2.433900e+007  0.000000e+000
202 1445  2.433900e+007  0.000000e+000
202 1446  2.433900e+007  0.000000e+000
202 1447  2.433900e+007  0.000000e+000
202 1448  2.433900e+007  0.000000e+000
202 1449  2.433900e+007  0.000000e+000
202 1450  2.433900e+007  0.000000e+000
202 1451  2.433900e+007  0.000000e+000
202 1452  2.433900e+007  0.000000e+000
202 1453  2.433900e+007  0.000000e+000
202 1454  2.433900e+007  0.000000e+000
202 1455  2.433900e+007  0.000000e+000
202 1456  2.433900e+007  0.000000e+000
202 1457  2.433900e+007  0.000000e+000
202 1458  2.433900e+007  0.000000e+000
202 1459  2.433900e+007  0.000000e+000
202 1460  2.433900e+007  0.000000e+000
202 1461  2.433900e+007  0.000000e+000
202 1462  2.433900e+007  0.000000e+000
202 1463  2.433900e+007  0.000000e+000
202 1464  2.433900e+007  0.000000e+000
202 1465  2.433900e+007  0.000000e+000
202 1466  2.433900e+007  0.000000e+000
202 1467  2.433900e+007  0.000000e+000
202 1468  2.433900e+007  0.000000e+000
202 1469  2.433900e+007  0.000000e+000
202 1470  2.433900e+007  0.000000e+000
202 1471  2.433900e+007  0.000000e+000
202 1472  2.433900e+007  0.000000e+000
202 1473  2.433900e+007  0.000000e+000
202 1474  2.433900e+007  0.000000e+000
202 1475  2.433900e+007  0.000000e+000
202 1476  2.433900e+007  0.000000e+000
202 1477  2.433900e+007  0.000000e+000
202 1478  2.433900e+007  0.000000e+000
202 1479  2.433900e+007  0.000000e+000
202 1480  2.433900e+007  0.000000e+000
202 1481  2.433900e+007  0.000000e+000
202 1482  2.433900e+007  0.000000e+000
202 1483  2.433900e+007  0.000000e+000
202 1484  2.433900e+007  0.000000e+000
202 1485  2.433900e+007  0.000000e+000
202 1486  2.433900e+007  0.000000e+000
202 1487  2.433900e+007  0.000000e+000
202 1488  2.433900e+007  0.000000e+000
202 1489  2.433900e+007  0.000000e+000
202 1490  2.433900e+007  0.000000e+000
202 1491  2.433900e+007  0.000000e+000
202 1492  2.433900e+007  0.000000e+000
202 1493  2.433900e+007  0.000000e+000
202 1494  2.433900e+007  0.000000e+000
202 1495  2.433900e+007  0.000000e+000
202 1496  2.433900e+007  0.000000e+000
202 1497  2.433900e+007  0.000000e+000
202 1498  2.433900e+007  0.000000e+000
202 1499  2.433900e+007  0.000000e+000
202 1500  2.433900e+007  0.000000e+000
202 1501  2.433900e+007  0.000000e+000
202 1502  2.433900e+007  0.000000e+000
202 1503  2.433900e+007  0.000000e+000
202 1504  2.433900e+007  0.000000e+000
202 1505  2.433900e+007  0.000000e+000
202 1506  2.433900e+007  0.000000e+000
202 1507  2.433900e+007  0.000000e+000
202 1508  2.433900e+007  0.000000e+000
202 1509  2.433900e+007  0.000000e+000
202 1510  2.433900e+007  0.000000e+000
202 1511  2.433900e+007  0.000000e+000
202 1512  2.433900e+007  0.000000e+000
202 1513  2.433900e+007  0.000000e+000
202 1514  2.433900e+007  0.000000e+000
202 1515  2.433900e+007  0.000000e+000
202 1516  2.433900e+007  0.000000e+000
202 1517  2.433900e+007  0.000000e+000
202 1518  2.433900e+007  0.000000e+000
202 1519  2.433900e+007  0.000000e+000
202 1520  2.433900e+007  0.000000e+000
202 1521  2.433900e+007  0.000000e+000
202 1522  2.433900e+007  0.000000e+000
202 1523  2.433900e+007  0.000000e+000
202 1524  2.433900e+007  0.000000e+000
202 1525  2.433900e+007  0.000000e+000
202 1526  2.433900e+007  0.000000e+000
202 1527  2.433900e+007  0.000000e+000
202 1528  2.433900e+007  0.000000e+000
202 1529  2.433900e+007  0.000000e+000
202 1530  2.433900e+007  0.000000e+000
202 1531  2.433900e+007  0.000000e+000
202 1532  2.433900e+007  0.000000e+000
202 1533  2.433900e+007  0.000000e+000
202 1534  2.433900e+007  0.000000e+000
202 1535  2.433900e+007  0.000000e+000
202 1536  2.433900e+007  0.000000e+000
202 1537  2.433900e+007  0.000000e+000
202 1538  2.433900e+007  0.000000e+000
202 1539  2.433900e+007  0.000000e+000
202 1540  2.433900e+007  0.000000e+000
202 1541  2.433900e+007  0.000000e+000
202 1542  2.433900e+007  0.000000e+000
202 1543  2.433900e+007  0.000000e+000
202 1544  2.433900e+007  0.000000e+000
202 1545  2.433900e+007  0.000000e+000
202 1546  2.433900e+007  0.000000e+000
202 1547  2.433900e+007  0.000000e+000
202 1548  2.433900e+007  0.000000e+000
202 1549  2.433900e+007  0.000000e+000
202 1550  2.433900e+007  0.000000e+000
202 1551  2.433900e+007  0.000000e+000
202 1552  2.433900e+007  0.000000e+000
202 1553  2.619500e+007  0.000000e+000
202 1554  2.619500e+007  0.000000e+000
202 1555  2.619500e+007  0.000000e+000
202 1556  2.619500e+007  0.000000e+000
202 1557  2.619500e+007  0.000000e+000
202 1558  2.619500e+007  0.000000e+000
202 1559  2.619500e+007  0.000000e+000
202 1560  2.619500e+007  0.000000e+000
202 1561  2.619500e+007  0.000000e+000
202 1562  2.619500e+007  0.000000e+000
202 1563  2.619500e+007  0.000000e+000
202 1564  2.619500e+007  0.000000e+000
202 1565  2.619500e+007  0.000000e+000
202 1566  2.619500e+007  0.000000e+000
202 1567  2.619500e+007  0.000000e+000
202 1568  2.619500e+007  0.000000e+000
202 1569  2.619500e+007  0.000000e+000
202 1570  2.619500e+007  0.000000e+000
202 1571  2.619500e+007  0.000000e+000
202 1572  2.619500e+007  0.000000e+000
202 1573  2.619500e+007  0.000000e+000
202 1574  2.619500e+007  0.000000e+000
202 1575  2.619500e+007  0.000000e+000
202 1576  2.619500e+007  0.000000e+000
202 1577  2.619500e+007  0.000000e+000
202 1578  2.619500e+007  0.000000e+000
202 1579  2.619500e+007  0.000000e+000
202 1580  2.619500e+007  0.000000e+000
202 1581  2.619500e+007  0.000000e+000
202 1582  2.619500e+007  0.000000e+000
202 1583  2.619500e+007  0.000000e+000
202 1584  2.619500e+007  0.000000e+000
202 1585  2.619500e+007  0.000000e+000
202 1586  2.619500e+007  0.000000e+000
202 1587  2.619500e+007  0.000000e+000
202 1588  2.619500e+007  0.000000e+000
202 1589  2.619500e+007  0.000000e+000
202 1590  2.619500e+007  0.000000e+000
202 1591  2.619500e+007  0.000000e+000
202 1592  2.619500e+007  0.000000e+000
202 1593  2.619500e+007  0.000000e+000
202 1594  2.619500e+007  0.000000e+000
202 1595  2.619500e+007  0.000000e+000
202 1596  2.619500e+007  0.000000e+000
202 1597  2.619500e+007  0.000000e+000
202 1598  2.619500e+007  0.000000e+000
202 1599  2.619500e+007  0.000000e+000
202 1600  2.619500e+007  0.000000e+000
202 1601  2.619500e+007  0.000000e+000
202 1602  2.619500e+007  0.000000e+000
202 1603  2.619500e+007  0.000000e+000
202 1604  2.619500e+007  0.000000e+000
202 1605  2.619500e+007  0.000000e+000
202 1606  2.619500e+007  0.000000e+000
202 1607  2.619500e+007  0.000000e+000
202 1608  2.619500e+007  0.000000e+000
202 1609  2.619500e+007  0.000000e+000
202 1610  2.619500e+007  0.000000e+000
202 1611  2.619500e+007  0.000000e+000
202 1612  2.619500e+007  0.000000e+000
202 1613  2.619500e+007  0.000000e+000
202 1614  2.619500e+007  0.000000e+000
202 1615  2.619500e+007  0.000000e+000
202 1616  2.619500e+007  0.000000e+000
202 1617  2.619500e+007  0.000000e+000
202 1618  2.619500e+007  0.000000e+000
202 1619  2.619500e+007  0.000000e+000
202 1620  2.619500e+007  0.000000e+000
202 1621  2.619500e+007  0.000000e+000
202 1622  2.619500e+007  0.000000e+000
202 1623  2.619500e+007  0.000000e+000
202 1624  2.619500e+007  0.000000e+000
202 1625  2.619500e+007  0.000000e+000
202 1626  2.619500e+007  0.000000e+000
202 1627  2.619500e+007  0.000000e+000
202 1628  2.619500e+007  0.000000e+000
202 1629  2.619500e+007  0.000000e+000
202 1630  2.619500e+007  0.000000e+000
202 1631  2.619500e+007  0.000000e+000
202 1632  2.619500e+007  0.000000e+000
202 1633  2.619500e+007  0.000000e+000
202 1634  2.619500e+007  0.000000e+000
202 1635  2.619500e+007  0.000000e+000
202 1636  2.619500e+007  0.000000e+000
202 1637  2.619500e+007  0.000000e+000
202 1638  2.619500e+007  0.000000e+000
202 1639  2.619500e+007  0.000000e+000
202 1640  2.619500e+007  0.000000e+000
202 1641  2.619500e+007  0.000000e+000
202 1642  2.619500e+007  0.000000e+000
202 1643  2.619500e+007  0.000000e+000
202 1644  2.619500e+007  0.000000e+000
202 1645  2.619500e+007  0.000000e+000
202 1646  2.619500e+007  0.000000e+000
202 1647  2.619500e+007  0.000000e+000
202 1648  2.619500e+007  0.000000e+000
202 1649  2.619500e+007  0.000000e+000
202 1650  2.619500e+007  0.000000e+000
202 1651  2.619500e+007  0.000000e+000
202 1652  2.619500e+007  0.000000e+000
202 1653  2.619500e+007  0.000000e+000
202 1654  2.619500e+007  0.000000e+000
202 1655  2.619500e+007  0.000000e+000
202 1656  2.619500e+007  0.000000e+000
202 1657  2.619500e+007  0.000000e+000
202 1658  2.619500e+007  0.000000e+000
202 1659  2.619500e+007  0.000000e+000
202 1660  2.619500e+007  0.000000e+000
202 1661  2.619500e+007  0.000000e+000
202 1662  2.619500e+007  0.000000e+000
202 1663  2.619500e+007  0.000000e+000
202 1664  2.619500e+007  0.000000e+000
202 1665  2.619500e+007  0.000000e+000
202 1666  2.619500e+007  0.000000e+000
202 1667  2.619500e+007  0.000000e+000
202 1668  2.619500e+007  0.000000e+000
202 1669  2.619500e+007  0.000000e+000
202 1670  2.619500e+007  0.000000e+000
202 1671  2.619500e+007  0.000000e+000
202 1672  2.619500e+007  0.000000e+000
202 1673  2.619500e+007  0.000000e+000
202 1674  2.619500e+007  0.000000e+000
202 1675  2.619500e+007  0.000000e+000
202 1676  2.619500e+007  0.000000e+000
202 1677  2.619500e+007  0.000000e+000
202 1678  2.619500e+007  0.000000e+000
202 1679  2.619500e+007  0.000000e+000
202 1680  2.619500e+007  0.000000e+000
999 End
